~o
<STREAMINFO> 1 39
<VECSIZE> 39<NULLD><PLP_D_A_Z_0><DIAGC>
~h "gss2"
<BEGINHMM>
<NUMSTATES> 8
<STATE> 2
<NUMMIXES> 8
<MIXTURE> 1 1.250000e-01
<MEAN> 39
 -9.572558e-02 1.875185e-01 8.897635e-02 2.875477e-02 -7.266948e-02 -1.677091e-01 -3.480174e-02 -1.110777e-01 -4.080047e-02 2.358568e-02 -5.596029e-03 3.075705e-02 1.735884e-01 3.249825e-02 -8.812082e-02 -1.371223e-02 -1.145472e-01 -6.894518e-02 5.497396e-03 -1.542569e-03 5.129315e-02 3.519847e-02 1.335120e-02 1.879700e-02 8.573226e-03 1.928194e-01 9.808660e-03 -1.258776e-02 -4.010082e-03 -1.065409e-02 -4.071452e-03 1.548376e-02 1.648133e-03 9.593430e-03 4.962526e-03 2.346875e-03 7.071206e-04 -5.027890e-03 3.003305e-03
<VARIANCE> 39
 8.466451e-01 4.931839e-01 5.772845e-01 4.845684e-01 5.544958e-01 4.733635e-01 4.280437e-01 4.042577e-01 3.584357e-01 2.784458e-01 2.193438e-01 1.723513e-01 4.541090e-01 8.870196e-02 4.647654e-02 5.071303e-02 5.039909e-02 6.271458e-02 5.284651e-02 4.436118e-02 4.690556e-02 3.883394e-02 3.152940e-02 2.586079e-02 2.081592e-02 5.407169e-02 1.036309e-02 7.246485e-03 6.789834e-03 7.614990e-03 9.081468e-03 7.903527e-03 7.198073e-03 7.615617e-03 6.617088e-03 5.450876e-03 4.459639e-03 3.408458e-03 7.777312e-03
<GCONST> -4.532713e+01
<MIXTURE> 2 1.250000e-01
<MEAN> 39
 -9.572558e-02 1.875185e-01 8.897635e-02 2.875477e-02 -7.266948e-02 -1.677091e-01 -3.480174e-02 -1.110777e-01 -4.080047e-02 2.358568e-02 -5.596029e-03 3.075705e-02 1.735884e-01 3.249825e-02 -8.812082e-02 -1.371223e-02 -1.145472e-01 -6.894518e-02 5.497396e-03 -1.542569e-03 5.129315e-02 3.519847e-02 1.335120e-02 1.879700e-02 8.573226e-03 1.928194e-01 9.808660e-03 -1.258776e-02 -4.010082e-03 -1.065409e-02 -4.071452e-03 1.548376e-02 1.648133e-03 9.593430e-03 4.962526e-03 2.346875e-03 7.071206e-04 -5.027890e-03 3.003305e-03
<VARIANCE> 39
 8.466451e-01 4.931839e-01 5.772845e-01 4.845684e-01 5.544958e-01 4.733635e-01 4.280437e-01 4.042577e-01 3.584357e-01 2.784458e-01 2.193438e-01 1.723513e-01 4.541090e-01 8.870196e-02 4.647654e-02 5.071303e-02 5.039909e-02 6.271458e-02 5.284651e-02 4.436118e-02 4.690556e-02 3.883394e-02 3.152940e-02 2.586079e-02 2.081592e-02 5.407169e-02 1.036309e-02 7.246485e-03 6.789834e-03 7.614990e-03 9.081468e-03 7.903527e-03 7.198073e-03 7.615617e-03 6.617088e-03 5.450876e-03 4.459639e-03 3.408458e-03 7.777312e-03
<GCONST> -4.532713e+01
<MIXTURE> 3 1.250000e-01
<MEAN> 39
 -9.572558e-02 1.875185e-01 8.897635e-02 2.875477e-02 -7.266948e-02 -1.677091e-01 -3.480174e-02 -1.110777e-01 -4.080047e-02 2.358568e-02 -5.596029e-03 3.075705e-02 1.735884e-01 3.249825e-02 -8.812082e-02 -1.371223e-02 -1.145472e-01 -6.894518e-02 5.497396e-03 -1.542569e-03 5.129315e-02 3.519847e-02 1.335120e-02 1.879700e-02 8.573226e-03 1.928194e-01 9.808660e-03 -1.258776e-02 -4.010082e-03 -1.065409e-02 -4.071452e-03 1.548376e-02 1.648133e-03 9.593430e-03 4.962526e-03 2.346875e-03 7.071206e-04 -5.027890e-03 3.003305e-03
<VARIANCE> 39
 8.466451e-01 4.931839e-01 5.772845e-01 4.845684e-01 5.544958e-01 4.733635e-01 4.280437e-01 4.042577e-01 3.584357e-01 2.784458e-01 2.193438e-01 1.723513e-01 4.541090e-01 8.870196e-02 4.647654e-02 5.071303e-02 5.039909e-02 6.271458e-02 5.284651e-02 4.436118e-02 4.690556e-02 3.883394e-02 3.152940e-02 2.586079e-02 2.081592e-02 5.407169e-02 1.036309e-02 7.246485e-03 6.789834e-03 7.614990e-03 9.081468e-03 7.903527e-03 7.198073e-03 7.615617e-03 6.617088e-03 5.450876e-03 4.459639e-03 3.408458e-03 7.777312e-03
<GCONST> -4.532713e+01
<MIXTURE> 4 1.250000e-01
<MEAN> 39
 -9.572558e-02 1.875185e-01 8.897635e-02 2.875477e-02 -7.266948e-02 -1.677091e-01 -3.480174e-02 -1.110777e-01 -4.080047e-02 2.358568e-02 -5.596029e-03 3.075705e-02 1.735884e-01 3.249825e-02 -8.812082e-02 -1.371223e-02 -1.145472e-01 -6.894518e-02 5.497396e-03 -1.542569e-03 5.129315e-02 3.519847e-02 1.335120e-02 1.879700e-02 8.573226e-03 1.928194e-01 9.808660e-03 -1.258776e-02 -4.010082e-03 -1.065409e-02 -4.071452e-03 1.548376e-02 1.648133e-03 9.593430e-03 4.962526e-03 2.346875e-03 7.071206e-04 -5.027890e-03 3.003305e-03
<VARIANCE> 39
 8.466451e-01 4.931839e-01 5.772845e-01 4.845684e-01 5.544958e-01 4.733635e-01 4.280437e-01 4.042577e-01 3.584357e-01 2.784458e-01 2.193438e-01 1.723513e-01 4.541090e-01 8.870196e-02 4.647654e-02 5.071303e-02 5.039909e-02 6.271458e-02 5.284651e-02 4.436118e-02 4.690556e-02 3.883394e-02 3.152940e-02 2.586079e-02 2.081592e-02 5.407169e-02 1.036309e-02 7.246485e-03 6.789834e-03 7.614990e-03 9.081468e-03 7.903527e-03 7.198073e-03 7.615617e-03 6.617088e-03 5.450876e-03 4.459639e-03 3.408458e-03 7.777312e-03
<GCONST> -4.532713e+01
<MIXTURE> 5 1.250000e-01
<MEAN> 39
 -9.572558e-02 1.875185e-01 8.897635e-02 2.875477e-02 -7.266948e-02 -1.677091e-01 -3.480174e-02 -1.110777e-01 -4.080047e-02 2.358568e-02 -5.596029e-03 3.075705e-02 1.735884e-01 3.249825e-02 -8.812082e-02 -1.371223e-02 -1.145472e-01 -6.894518e-02 5.497396e-03 -1.542569e-03 5.129315e-02 3.519847e-02 1.335120e-02 1.879700e-02 8.573226e-03 1.928194e-01 9.808660e-03 -1.258776e-02 -4.010082e-03 -1.065409e-02 -4.071452e-03 1.548376e-02 1.648133e-03 9.593430e-03 4.962526e-03 2.346875e-03 7.071206e-04 -5.027890e-03 3.003305e-03
<VARIANCE> 39
 8.466451e-01 4.931839e-01 5.772845e-01 4.845684e-01 5.544958e-01 4.733635e-01 4.280437e-01 4.042577e-01 3.584357e-01 2.784458e-01 2.193438e-01 1.723513e-01 4.541090e-01 8.870196e-02 4.647654e-02 5.071303e-02 5.039909e-02 6.271458e-02 5.284651e-02 4.436118e-02 4.690556e-02 3.883394e-02 3.152940e-02 2.586079e-02 2.081592e-02 5.407169e-02 1.036309e-02 7.246485e-03 6.789834e-03 7.614990e-03 9.081468e-03 7.903527e-03 7.198073e-03 7.615617e-03 6.617088e-03 5.450876e-03 4.459639e-03 3.408458e-03 7.777312e-03
<GCONST> -4.532713e+01
<MIXTURE> 6 1.250000e-01
<MEAN> 39
 -9.572558e-02 1.875185e-01 8.897635e-02 2.875477e-02 -7.266948e-02 -1.677091e-01 -3.480174e-02 -1.110777e-01 -4.080047e-02 2.358568e-02 -5.596029e-03 3.075705e-02 1.735884e-01 3.249825e-02 -8.812082e-02 -1.371223e-02 -1.145472e-01 -6.894518e-02 5.497396e-03 -1.542569e-03 5.129315e-02 3.519847e-02 1.335120e-02 1.879700e-02 8.573226e-03 1.928194e-01 9.808660e-03 -1.258776e-02 -4.010082e-03 -1.065409e-02 -4.071452e-03 1.548376e-02 1.648133e-03 9.593430e-03 4.962526e-03 2.346875e-03 7.071206e-04 -5.027890e-03 3.003305e-03
<VARIANCE> 39
 8.466451e-01 4.931839e-01 5.772845e-01 4.845684e-01 5.544958e-01 4.733635e-01 4.280437e-01 4.042577e-01 3.584357e-01 2.784458e-01 2.193438e-01 1.723513e-01 4.541090e-01 8.870196e-02 4.647654e-02 5.071303e-02 5.039909e-02 6.271458e-02 5.284651e-02 4.436118e-02 4.690556e-02 3.883394e-02 3.152940e-02 2.586079e-02 2.081592e-02 5.407169e-02 1.036309e-02 7.246485e-03 6.789834e-03 7.614990e-03 9.081468e-03 7.903527e-03 7.198073e-03 7.615617e-03 6.617088e-03 5.450876e-03 4.459639e-03 3.408458e-03 7.777312e-03
<GCONST> -4.532713e+01
<MIXTURE> 7 1.250000e-01
<MEAN> 39
 -9.572558e-02 1.875185e-01 8.897635e-02 2.875477e-02 -7.266948e-02 -1.677091e-01 -3.480174e-02 -1.110777e-01 -4.080047e-02 2.358568e-02 -5.596029e-03 3.075705e-02 1.735884e-01 3.249825e-02 -8.812082e-02 -1.371223e-02 -1.145472e-01 -6.894518e-02 5.497396e-03 -1.542569e-03 5.129315e-02 3.519847e-02 1.335120e-02 1.879700e-02 8.573226e-03 1.928194e-01 9.808660e-03 -1.258776e-02 -4.010082e-03 -1.065409e-02 -4.071452e-03 1.548376e-02 1.648133e-03 9.593430e-03 4.962526e-03 2.346875e-03 7.071206e-04 -5.027890e-03 3.003305e-03
<VARIANCE> 39
 8.466451e-01 4.931839e-01 5.772845e-01 4.845684e-01 5.544958e-01 4.733635e-01 4.280437e-01 4.042577e-01 3.584357e-01 2.784458e-01 2.193438e-01 1.723513e-01 4.541090e-01 8.870196e-02 4.647654e-02 5.071303e-02 5.039909e-02 6.271458e-02 5.284651e-02 4.436118e-02 4.690556e-02 3.883394e-02 3.152940e-02 2.586079e-02 2.081592e-02 5.407169e-02 1.036309e-02 7.246485e-03 6.789834e-03 7.614990e-03 9.081468e-03 7.903527e-03 7.198073e-03 7.615617e-03 6.617088e-03 5.450876e-03 4.459639e-03 3.408458e-03 7.777312e-03
<GCONST> -4.532713e+01
<MIXTURE> 8 1.250000e-01
<MEAN> 39
 -9.572558e-02 1.875185e-01 8.897635e-02 2.875477e-02 -7.266948e-02 -1.677091e-01 -3.480174e-02 -1.110777e-01 -4.080047e-02 2.358568e-02 -5.596029e-03 3.075705e-02 1.735884e-01 3.249825e-02 -8.812082e-02 -1.371223e-02 -1.145472e-01 -6.894518e-02 5.497396e-03 -1.542569e-03 5.129315e-02 3.519847e-02 1.335120e-02 1.879700e-02 8.573226e-03 1.928194e-01 9.808660e-03 -1.258776e-02 -4.010082e-03 -1.065409e-02 -4.071452e-03 1.548376e-02 1.648133e-03 9.593430e-03 4.962526e-03 2.346875e-03 7.071206e-04 -5.027890e-03 3.003305e-03
<VARIANCE> 39
 8.466451e-01 4.931839e-01 5.772845e-01 4.845684e-01 5.544958e-01 4.733635e-01 4.280437e-01 4.042577e-01 3.584357e-01 2.784458e-01 2.193438e-01 1.723513e-01 4.541090e-01 8.870196e-02 4.647654e-02 5.071303e-02 5.039909e-02 6.271458e-02 5.284651e-02 4.436118e-02 4.690556e-02 3.883394e-02 3.152940e-02 2.586079e-02 2.081592e-02 5.407169e-02 1.036309e-02 7.246485e-03 6.789834e-03 7.614990e-03 9.081468e-03 7.903527e-03 7.198073e-03 7.615617e-03 6.617088e-03 5.450876e-03 4.459639e-03 3.408458e-03 7.777312e-03
<GCONST> -4.532713e+01
<STATE> 3
<NUMMIXES> 8
<MIXTURE> 1 1.250000e-01
<MEAN> 39
 -1.484227e-01 -1.034674e-01 1.080771e-02 -3.154116e-01 -1.677839e-01 -3.815211e-02 3.051797e-02 8.419050e-02 6.693791e-02 6.791557e-02 4.190397e-02 4.727952e-02 6.358393e-01 4.540261e-02 -9.525013e-02 -2.282128e-02 -8.374301e-02 -4.122978e-02 4.779638e-02 9.022383e-03 4.339481e-02 2.806333e-02 9.755859e-03 9.366716e-03 -9.448055e-03 1.232043e-01 5.518523e-03 2.049733e-02 4.130023e-03 3.567775e-02 2.027009e-02 1.687757e-03 -4.406950e-03 -1.949684e-02 -1.154685e-02 -6.508545e-03 -6.604257e-03 -5.072343e-03 -4.846269e-02
<VARIANCE> 39
 1.104680e+00 4.804282e-01 6.855282e-01 4.967719e-01 6.923259e-01 5.308344e-01 4.613791e-01 4.160248e-01 3.582330e-01 2.996605e-01 2.278139e-01 1.888946e-01 2.850103e-01 4.233672e-02 2.923964e-02 3.236252e-02 3.087908e-02 3.994558e-02 3.821331e-02 3.331906e-02 3.460940e-02 2.950804e-02 2.449849e-02 1.958258e-02 1.568448e-02 2.351804e-02 9.616068e-03 5.422970e-03 5.683608e-03 5.990364e-03 7.550385e-03 6.505882e-03 6.229497e-03 6.705690e-03 5.804928e-03 4.892216e-03 3.880320e-03 3.138131e-03 5.028314e-03
<GCONST> -5.247247e+01
<MIXTURE> 2 1.250000e-01
<MEAN> 39
 -1.484227e-01 -1.034674e-01 1.080771e-02 -3.154116e-01 -1.677839e-01 -3.815211e-02 3.051797e-02 8.419050e-02 6.693791e-02 6.791557e-02 4.190397e-02 4.727952e-02 6.358393e-01 4.540261e-02 -9.525013e-02 -2.282128e-02 -8.374301e-02 -4.122978e-02 4.779638e-02 9.022383e-03 4.339481e-02 2.806333e-02 9.755859e-03 9.366716e-03 -9.448055e-03 1.232043e-01 5.518523e-03 2.049733e-02 4.130023e-03 3.567775e-02 2.027009e-02 1.687757e-03 -4.406950e-03 -1.949684e-02 -1.154685e-02 -6.508545e-03 -6.604257e-03 -5.072343e-03 -4.846269e-02
<VARIANCE> 39
 1.104680e+00 4.804282e-01 6.855282e-01 4.967719e-01 6.923259e-01 5.308344e-01 4.613791e-01 4.160248e-01 3.582330e-01 2.996605e-01 2.278139e-01 1.888946e-01 2.850103e-01 4.233672e-02 2.923964e-02 3.236252e-02 3.087908e-02 3.994558e-02 3.821331e-02 3.331906e-02 3.460940e-02 2.950804e-02 2.449849e-02 1.958258e-02 1.568448e-02 2.351804e-02 9.616068e-03 5.422970e-03 5.683608e-03 5.990364e-03 7.550385e-03 6.505882e-03 6.229497e-03 6.705690e-03 5.804928e-03 4.892216e-03 3.880320e-03 3.138131e-03 5.028314e-03
<GCONST> -5.247247e+01
<MIXTURE> 3 1.250000e-01
<MEAN> 39
 -1.484227e-01 -1.034674e-01 1.080771e-02 -3.154116e-01 -1.677839e-01 -3.815211e-02 3.051797e-02 8.419050e-02 6.693791e-02 6.791557e-02 4.190397e-02 4.727952e-02 6.358393e-01 4.540261e-02 -9.525013e-02 -2.282128e-02 -8.374301e-02 -4.122978e-02 4.779638e-02 9.022383e-03 4.339481e-02 2.806333e-02 9.755859e-03 9.366716e-03 -9.448055e-03 1.232043e-01 5.518523e-03 2.049733e-02 4.130023e-03 3.567775e-02 2.027009e-02 1.687757e-03 -4.406950e-03 -1.949684e-02 -1.154685e-02 -6.508545e-03 -6.604257e-03 -5.072343e-03 -4.846269e-02
<VARIANCE> 39
 1.104680e+00 4.804282e-01 6.855282e-01 4.967719e-01 6.923259e-01 5.308344e-01 4.613791e-01 4.160248e-01 3.582330e-01 2.996605e-01 2.278139e-01 1.888946e-01 2.850103e-01 4.233672e-02 2.923964e-02 3.236252e-02 3.087908e-02 3.994558e-02 3.821331e-02 3.331906e-02 3.460940e-02 2.950804e-02 2.449849e-02 1.958258e-02 1.568448e-02 2.351804e-02 9.616068e-03 5.422970e-03 5.683608e-03 5.990364e-03 7.550385e-03 6.505882e-03 6.229497e-03 6.705690e-03 5.804928e-03 4.892216e-03 3.880320e-03 3.138131e-03 5.028314e-03
<GCONST> -5.247247e+01
<MIXTURE> 4 1.250000e-01
<MEAN> 39
 -1.484227e-01 -1.034674e-01 1.080771e-02 -3.154116e-01 -1.677839e-01 -3.815211e-02 3.051797e-02 8.419050e-02 6.693791e-02 6.791557e-02 4.190397e-02 4.727952e-02 6.358393e-01 4.540261e-02 -9.525013e-02 -2.282128e-02 -8.374301e-02 -4.122978e-02 4.779638e-02 9.022383e-03 4.339481e-02 2.806333e-02 9.755859e-03 9.366716e-03 -9.448055e-03 1.232043e-01 5.518523e-03 2.049733e-02 4.130023e-03 3.567775e-02 2.027009e-02 1.687757e-03 -4.406950e-03 -1.949684e-02 -1.154685e-02 -6.508545e-03 -6.604257e-03 -5.072343e-03 -4.846269e-02
<VARIANCE> 39
 1.104680e+00 4.804282e-01 6.855282e-01 4.967719e-01 6.923259e-01 5.308344e-01 4.613791e-01 4.160248e-01 3.582330e-01 2.996605e-01 2.278139e-01 1.888946e-01 2.850103e-01 4.233672e-02 2.923964e-02 3.236252e-02 3.087908e-02 3.994558e-02 3.821331e-02 3.331906e-02 3.460940e-02 2.950804e-02 2.449849e-02 1.958258e-02 1.568448e-02 2.351804e-02 9.616068e-03 5.422970e-03 5.683608e-03 5.990364e-03 7.550385e-03 6.505882e-03 6.229497e-03 6.705690e-03 5.804928e-03 4.892216e-03 3.880320e-03 3.138131e-03 5.028314e-03
<GCONST> -5.247247e+01
<MIXTURE> 5 1.250000e-01
<MEAN> 39
 -1.484227e-01 -1.034674e-01 1.080771e-02 -3.154116e-01 -1.677839e-01 -3.815211e-02 3.051797e-02 8.419050e-02 6.693791e-02 6.791557e-02 4.190397e-02 4.727952e-02 6.358393e-01 4.540261e-02 -9.525013e-02 -2.282128e-02 -8.374301e-02 -4.122978e-02 4.779638e-02 9.022383e-03 4.339481e-02 2.806333e-02 9.755859e-03 9.366716e-03 -9.448055e-03 1.232043e-01 5.518523e-03 2.049733e-02 4.130023e-03 3.567775e-02 2.027009e-02 1.687757e-03 -4.406950e-03 -1.949684e-02 -1.154685e-02 -6.508545e-03 -6.604257e-03 -5.072343e-03 -4.846269e-02
<VARIANCE> 39
 1.104680e+00 4.804282e-01 6.855282e-01 4.967719e-01 6.923259e-01 5.308344e-01 4.613791e-01 4.160248e-01 3.582330e-01 2.996605e-01 2.278139e-01 1.888946e-01 2.850103e-01 4.233672e-02 2.923964e-02 3.236252e-02 3.087908e-02 3.994558e-02 3.821331e-02 3.331906e-02 3.460940e-02 2.950804e-02 2.449849e-02 1.958258e-02 1.568448e-02 2.351804e-02 9.616068e-03 5.422970e-03 5.683608e-03 5.990364e-03 7.550385e-03 6.505882e-03 6.229497e-03 6.705690e-03 5.804928e-03 4.892216e-03 3.880320e-03 3.138131e-03 5.028314e-03
<GCONST> -5.247247e+01
<MIXTURE> 6 1.250000e-01
<MEAN> 39
 -1.484227e-01 -1.034674e-01 1.080771e-02 -3.154116e-01 -1.677839e-01 -3.815211e-02 3.051797e-02 8.419050e-02 6.693791e-02 6.791557e-02 4.190397e-02 4.727952e-02 6.358393e-01 4.540261e-02 -9.525013e-02 -2.282128e-02 -8.374301e-02 -4.122978e-02 4.779638e-02 9.022383e-03 4.339481e-02 2.806333e-02 9.755859e-03 9.366716e-03 -9.448055e-03 1.232043e-01 5.518523e-03 2.049733e-02 4.130023e-03 3.567775e-02 2.027009e-02 1.687757e-03 -4.406950e-03 -1.949684e-02 -1.154685e-02 -6.508545e-03 -6.604257e-03 -5.072343e-03 -4.846269e-02
<VARIANCE> 39
 1.104680e+00 4.804282e-01 6.855282e-01 4.967719e-01 6.923259e-01 5.308344e-01 4.613791e-01 4.160248e-01 3.582330e-01 2.996605e-01 2.278139e-01 1.888946e-01 2.850103e-01 4.233672e-02 2.923964e-02 3.236252e-02 3.087908e-02 3.994558e-02 3.821331e-02 3.331906e-02 3.460940e-02 2.950804e-02 2.449849e-02 1.958258e-02 1.568448e-02 2.351804e-02 9.616068e-03 5.422970e-03 5.683608e-03 5.990364e-03 7.550385e-03 6.505882e-03 6.229497e-03 6.705690e-03 5.804928e-03 4.892216e-03 3.880320e-03 3.138131e-03 5.028314e-03
<GCONST> -5.247247e+01
<MIXTURE> 7 1.250000e-01
<MEAN> 39
 -1.484227e-01 -1.034674e-01 1.080771e-02 -3.154116e-01 -1.677839e-01 -3.815211e-02 3.051797e-02 8.419050e-02 6.693791e-02 6.791557e-02 4.190397e-02 4.727952e-02 6.358393e-01 4.540261e-02 -9.525013e-02 -2.282128e-02 -8.374301e-02 -4.122978e-02 4.779638e-02 9.022383e-03 4.339481e-02 2.806333e-02 9.755859e-03 9.366716e-03 -9.448055e-03 1.232043e-01 5.518523e-03 2.049733e-02 4.130023e-03 3.567775e-02 2.027009e-02 1.687757e-03 -4.406950e-03 -1.949684e-02 -1.154685e-02 -6.508545e-03 -6.604257e-03 -5.072343e-03 -4.846269e-02
<VARIANCE> 39
 1.104680e+00 4.804282e-01 6.855282e-01 4.967719e-01 6.923259e-01 5.308344e-01 4.613791e-01 4.160248e-01 3.582330e-01 2.996605e-01 2.278139e-01 1.888946e-01 2.850103e-01 4.233672e-02 2.923964e-02 3.236252e-02 3.087908e-02 3.994558e-02 3.821331e-02 3.331906e-02 3.460940e-02 2.950804e-02 2.449849e-02 1.958258e-02 1.568448e-02 2.351804e-02 9.616068e-03 5.422970e-03 5.683608e-03 5.990364e-03 7.550385e-03 6.505882e-03 6.229497e-03 6.705690e-03 5.804928e-03 4.892216e-03 3.880320e-03 3.138131e-03 5.028314e-03
<GCONST> -5.247247e+01
<MIXTURE> 8 1.250000e-01
<MEAN> 39
 -1.484227e-01 -1.034674e-01 1.080771e-02 -3.154116e-01 -1.677839e-01 -3.815211e-02 3.051797e-02 8.419050e-02 6.693791e-02 6.791557e-02 4.190397e-02 4.727952e-02 6.358393e-01 4.540261e-02 -9.525013e-02 -2.282128e-02 -8.374301e-02 -4.122978e-02 4.779638e-02 9.022383e-03 4.339481e-02 2.806333e-02 9.755859e-03 9.366716e-03 -9.448055e-03 1.232043e-01 5.518523e-03 2.049733e-02 4.130023e-03 3.567775e-02 2.027009e-02 1.687757e-03 -4.406950e-03 -1.949684e-02 -1.154685e-02 -6.508545e-03 -6.604257e-03 -5.072343e-03 -4.846269e-02
<VARIANCE> 39
 1.104680e+00 4.804282e-01 6.855282e-01 4.967719e-01 6.923259e-01 5.308344e-01 4.613791e-01 4.160248e-01 3.582330e-01 2.996605e-01 2.278139e-01 1.888946e-01 2.850103e-01 4.233672e-02 2.923964e-02 3.236252e-02 3.087908e-02 3.994558e-02 3.821331e-02 3.331906e-02 3.460940e-02 2.950804e-02 2.449849e-02 1.958258e-02 1.568448e-02 2.351804e-02 9.616068e-03 5.422970e-03 5.683608e-03 5.990364e-03 7.550385e-03 6.505882e-03 6.229497e-03 6.705690e-03 5.804928e-03 4.892216e-03 3.880320e-03 3.138131e-03 5.028314e-03
<GCONST> -5.247247e+01
<STATE> 4
<NUMMIXES> 8
<MIXTURE> 1 1.250000e-01
<MEAN> 39
 -1.713506e-01 -1.855547e-01 8.026954e-03 -3.096572e-01 -1.460800e-01 7.833520e-02 6.788383e-02 5.271917e-02 5.481876e-02 4.496173e-02 4.613870e-02 3.862062e-02 6.959537e-01 5.183440e-02 -4.602218e-02 -9.930546e-03 -2.053390e-02 -1.292920e-02 2.641168e-02 -8.364700e-03 4.795891e-03 7.530024e-03 -3.433051e-03 3.110098e-04 -9.158451e-03 4.593871e-02 6.345534e-03 2.832419e-02 5.751466e-03 3.119623e-02 1.261548e-02 -1.483548e-02 -9.153913e-03 -1.511711e-02 -9.310052e-03 -5.427102e-03 -5.670835e-03 -1.812977e-03 -3.981347e-02
<VARIANCE> 39
 1.103472e+00 5.390960e-01 7.306831e-01 5.265066e-01 7.221891e-01 5.633739e-01 4.733061e-01 4.239599e-01 3.487406e-01 2.878997e-01 2.266217e-01 1.848877e-01 2.954354e-01 2.626963e-02 2.125523e-02 2.225709e-02 2.244702e-02 2.919768e-02 2.753179e-02 2.591157e-02 2.741563e-02 2.343622e-02 1.941322e-02 1.572957e-02 1.263238e-02 1.340637e-02 6.062255e-03 4.515110e-03 4.282099e-03 4.993213e-03 6.011212e-03 5.243384e-03 5.166590e-03 5.677500e-03 4.757954e-03 3.996054e-03 3.232615e-03 2.599312e-03 4.068713e-03
<GCONST> -5.911469e+01
<MIXTURE> 2 1.250000e-01
<MEAN> 39
 -1.713506e-01 -1.855547e-01 8.026954e-03 -3.096572e-01 -1.460800e-01 7.833520e-02 6.788383e-02 5.271917e-02 5.481876e-02 4.496173e-02 4.613870e-02 3.862062e-02 6.959537e-01 5.183440e-02 -4.602218e-02 -9.930546e-03 -2.053390e-02 -1.292920e-02 2.641168e-02 -8.364700e-03 4.795891e-03 7.530024e-03 -3.433051e-03 3.110098e-04 -9.158451e-03 4.593871e-02 6.345534e-03 2.832419e-02 5.751466e-03 3.119623e-02 1.261548e-02 -1.483548e-02 -9.153913e-03 -1.511711e-02 -9.310052e-03 -5.427102e-03 -5.670835e-03 -1.812977e-03 -3.981347e-02
<VARIANCE> 39
 1.103472e+00 5.390960e-01 7.306831e-01 5.265066e-01 7.221891e-01 5.633739e-01 4.733061e-01 4.239599e-01 3.487406e-01 2.878997e-01 2.266217e-01 1.848877e-01 2.954354e-01 2.626963e-02 2.125523e-02 2.225709e-02 2.244702e-02 2.919768e-02 2.753179e-02 2.591157e-02 2.741563e-02 2.343622e-02 1.941322e-02 1.572957e-02 1.263238e-02 1.340637e-02 6.062255e-03 4.515110e-03 4.282099e-03 4.993213e-03 6.011212e-03 5.243384e-03 5.166590e-03 5.677500e-03 4.757954e-03 3.996054e-03 3.232615e-03 2.599312e-03 4.068713e-03
<GCONST> -5.911469e+01
<MIXTURE> 3 1.250000e-01
<MEAN> 39
 -1.713506e-01 -1.855547e-01 8.026954e-03 -3.096572e-01 -1.460800e-01 7.833520e-02 6.788383e-02 5.271917e-02 5.481876e-02 4.496173e-02 4.613870e-02 3.862062e-02 6.959537e-01 5.183440e-02 -4.602218e-02 -9.930546e-03 -2.053390e-02 -1.292920e-02 2.641168e-02 -8.364700e-03 4.795891e-03 7.530024e-03 -3.433051e-03 3.110098e-04 -9.158451e-03 4.593871e-02 6.345534e-03 2.832419e-02 5.751466e-03 3.119623e-02 1.261548e-02 -1.483548e-02 -9.153913e-03 -1.511711e-02 -9.310052e-03 -5.427102e-03 -5.670835e-03 -1.812977e-03 -3.981347e-02
<VARIANCE> 39
 1.103472e+00 5.390960e-01 7.306831e-01 5.265066e-01 7.221891e-01 5.633739e-01 4.733061e-01 4.239599e-01 3.487406e-01 2.878997e-01 2.266217e-01 1.848877e-01 2.954354e-01 2.626963e-02 2.125523e-02 2.225709e-02 2.244702e-02 2.919768e-02 2.753179e-02 2.591157e-02 2.741563e-02 2.343622e-02 1.941322e-02 1.572957e-02 1.263238e-02 1.340637e-02 6.062255e-03 4.515110e-03 4.282099e-03 4.993213e-03 6.011212e-03 5.243384e-03 5.166590e-03 5.677500e-03 4.757954e-03 3.996054e-03 3.232615e-03 2.599312e-03 4.068713e-03
<GCONST> -5.911469e+01
<MIXTURE> 4 1.250000e-01
<MEAN> 39
 -1.713506e-01 -1.855547e-01 8.026954e-03 -3.096572e-01 -1.460800e-01 7.833520e-02 6.788383e-02 5.271917e-02 5.481876e-02 4.496173e-02 4.613870e-02 3.862062e-02 6.959537e-01 5.183440e-02 -4.602218e-02 -9.930546e-03 -2.053390e-02 -1.292920e-02 2.641168e-02 -8.364700e-03 4.795891e-03 7.530024e-03 -3.433051e-03 3.110098e-04 -9.158451e-03 4.593871e-02 6.345534e-03 2.832419e-02 5.751466e-03 3.119623e-02 1.261548e-02 -1.483548e-02 -9.153913e-03 -1.511711e-02 -9.310052e-03 -5.427102e-03 -5.670835e-03 -1.812977e-03 -3.981347e-02
<VARIANCE> 39
 1.103472e+00 5.390960e-01 7.306831e-01 5.265066e-01 7.221891e-01 5.633739e-01 4.733061e-01 4.239599e-01 3.487406e-01 2.878997e-01 2.266217e-01 1.848877e-01 2.954354e-01 2.626963e-02 2.125523e-02 2.225709e-02 2.244702e-02 2.919768e-02 2.753179e-02 2.591157e-02 2.741563e-02 2.343622e-02 1.941322e-02 1.572957e-02 1.263238e-02 1.340637e-02 6.062255e-03 4.515110e-03 4.282099e-03 4.993213e-03 6.011212e-03 5.243384e-03 5.166590e-03 5.677500e-03 4.757954e-03 3.996054e-03 3.232615e-03 2.599312e-03 4.068713e-03
<GCONST> -5.911469e+01
<MIXTURE> 5 1.250000e-01
<MEAN> 39
 -1.713506e-01 -1.855547e-01 8.026954e-03 -3.096572e-01 -1.460800e-01 7.833520e-02 6.788383e-02 5.271917e-02 5.481876e-02 4.496173e-02 4.613870e-02 3.862062e-02 6.959537e-01 5.183440e-02 -4.602218e-02 -9.930546e-03 -2.053390e-02 -1.292920e-02 2.641168e-02 -8.364700e-03 4.795891e-03 7.530024e-03 -3.433051e-03 3.110098e-04 -9.158451e-03 4.593871e-02 6.345534e-03 2.832419e-02 5.751466e-03 3.119623e-02 1.261548e-02 -1.483548e-02 -9.153913e-03 -1.511711e-02 -9.310052e-03 -5.427102e-03 -5.670835e-03 -1.812977e-03 -3.981347e-02
<VARIANCE> 39
 1.103472e+00 5.390960e-01 7.306831e-01 5.265066e-01 7.221891e-01 5.633739e-01 4.733061e-01 4.239599e-01 3.487406e-01 2.878997e-01 2.266217e-01 1.848877e-01 2.954354e-01 2.626963e-02 2.125523e-02 2.225709e-02 2.244702e-02 2.919768e-02 2.753179e-02 2.591157e-02 2.741563e-02 2.343622e-02 1.941322e-02 1.572957e-02 1.263238e-02 1.340637e-02 6.062255e-03 4.515110e-03 4.282099e-03 4.993213e-03 6.011212e-03 5.243384e-03 5.166590e-03 5.677500e-03 4.757954e-03 3.996054e-03 3.232615e-03 2.599312e-03 4.068713e-03
<GCONST> -5.911469e+01
<MIXTURE> 6 1.250000e-01
<MEAN> 39
 -1.713506e-01 -1.855547e-01 8.026954e-03 -3.096572e-01 -1.460800e-01 7.833520e-02 6.788383e-02 5.271917e-02 5.481876e-02 4.496173e-02 4.613870e-02 3.862062e-02 6.959537e-01 5.183440e-02 -4.602218e-02 -9.930546e-03 -2.053390e-02 -1.292920e-02 2.641168e-02 -8.364700e-03 4.795891e-03 7.530024e-03 -3.433051e-03 3.110098e-04 -9.158451e-03 4.593871e-02 6.345534e-03 2.832419e-02 5.751466e-03 3.119623e-02 1.261548e-02 -1.483548e-02 -9.153913e-03 -1.511711e-02 -9.310052e-03 -5.427102e-03 -5.670835e-03 -1.812977e-03 -3.981347e-02
<VARIANCE> 39
 1.103472e+00 5.390960e-01 7.306831e-01 5.265066e-01 7.221891e-01 5.633739e-01 4.733061e-01 4.239599e-01 3.487406e-01 2.878997e-01 2.266217e-01 1.848877e-01 2.954354e-01 2.626963e-02 2.125523e-02 2.225709e-02 2.244702e-02 2.919768e-02 2.753179e-02 2.591157e-02 2.741563e-02 2.343622e-02 1.941322e-02 1.572957e-02 1.263238e-02 1.340637e-02 6.062255e-03 4.515110e-03 4.282099e-03 4.993213e-03 6.011212e-03 5.243384e-03 5.166590e-03 5.677500e-03 4.757954e-03 3.996054e-03 3.232615e-03 2.599312e-03 4.068713e-03
<GCONST> -5.911469e+01
<MIXTURE> 7 1.250000e-01
<MEAN> 39
 -1.713506e-01 -1.855547e-01 8.026954e-03 -3.096572e-01 -1.460800e-01 7.833520e-02 6.788383e-02 5.271917e-02 5.481876e-02 4.496173e-02 4.613870e-02 3.862062e-02 6.959537e-01 5.183440e-02 -4.602218e-02 -9.930546e-03 -2.053390e-02 -1.292920e-02 2.641168e-02 -8.364700e-03 4.795891e-03 7.530024e-03 -3.433051e-03 3.110098e-04 -9.158451e-03 4.593871e-02 6.345534e-03 2.832419e-02 5.751466e-03 3.119623e-02 1.261548e-02 -1.483548e-02 -9.153913e-03 -1.511711e-02 -9.310052e-03 -5.427102e-03 -5.670835e-03 -1.812977e-03 -3.981347e-02
<VARIANCE> 39
 1.103472e+00 5.390960e-01 7.306831e-01 5.265066e-01 7.221891e-01 5.633739e-01 4.733061e-01 4.239599e-01 3.487406e-01 2.878997e-01 2.266217e-01 1.848877e-01 2.954354e-01 2.626963e-02 2.125523e-02 2.225709e-02 2.244702e-02 2.919768e-02 2.753179e-02 2.591157e-02 2.741563e-02 2.343622e-02 1.941322e-02 1.572957e-02 1.263238e-02 1.340637e-02 6.062255e-03 4.515110e-03 4.282099e-03 4.993213e-03 6.011212e-03 5.243384e-03 5.166590e-03 5.677500e-03 4.757954e-03 3.996054e-03 3.232615e-03 2.599312e-03 4.068713e-03
<GCONST> -5.911469e+01
<MIXTURE> 8 1.250000e-01
<MEAN> 39
 -1.713506e-01 -1.855547e-01 8.026954e-03 -3.096572e-01 -1.460800e-01 7.833520e-02 6.788383e-02 5.271917e-02 5.481876e-02 4.496173e-02 4.613870e-02 3.862062e-02 6.959537e-01 5.183440e-02 -4.602218e-02 -9.930546e-03 -2.053390e-02 -1.292920e-02 2.641168e-02 -8.364700e-03 4.795891e-03 7.530024e-03 -3.433051e-03 3.110098e-04 -9.158451e-03 4.593871e-02 6.345534e-03 2.832419e-02 5.751466e-03 3.119623e-02 1.261548e-02 -1.483548e-02 -9.153913e-03 -1.511711e-02 -9.310052e-03 -5.427102e-03 -5.670835e-03 -1.812977e-03 -3.981347e-02
<VARIANCE> 39
 1.103472e+00 5.390960e-01 7.306831e-01 5.265066e-01 7.221891e-01 5.633739e-01 4.733061e-01 4.239599e-01 3.487406e-01 2.878997e-01 2.266217e-01 1.848877e-01 2.954354e-01 2.626963e-02 2.125523e-02 2.225709e-02 2.244702e-02 2.919768e-02 2.753179e-02 2.591157e-02 2.741563e-02 2.343622e-02 1.941322e-02 1.572957e-02 1.263238e-02 1.340637e-02 6.062255e-03 4.515110e-03 4.282099e-03 4.993213e-03 6.011212e-03 5.243384e-03 5.166590e-03 5.677500e-03 4.757954e-03 3.996054e-03 3.232615e-03 2.599312e-03 4.068713e-03
<GCONST> -5.911469e+01
<STATE> 5
<NUMMIXES> 8
<MIXTURE> 1 1.250000e-01
<MEAN> 39
 3.963901e-01 -4.037757e-01 -1.354236e-01 -5.005347e-01 -2.120910e-01 3.105895e-01 -1.451354e-02 1.947340e-04 8.341628e-02 -1.173871e-02 3.213008e-02 -4.133724e-02 8.934490e-01 2.761654e-02 1.045319e-02 2.181861e-03 1.420436e-02 -6.677332e-03 -1.745660e-02 -1.474126e-02 3.042664e-03 4.124942e-04 -3.840808e-03 -4.735800e-03 -3.725717e-03 -1.446131e-02 6.629073e-04 2.096751e-02 5.118542e-03 1.802551e-02 2.524552e-03 -1.557748e-02 -4.001752e-03 -3.749347e-03 -4.558829e-03 -1.003807e-03 -3.640237e-03 -8.550527e-04 -2.434350e-02
<VARIANCE> 39
 3.043460e-01 5.329813e-01 8.685611e-01 6.070784e-01 8.042808e-01 7.469088e-01 5.547894e-01 4.959520e-01 3.742931e-01 3.228798e-01 2.665279e-01 2.188519e-01 2.696275e-01 1.190600e-02 1.371612e-02 1.471452e-02 1.677188e-02 2.023299e-02 1.998625e-02 2.000911e-02 2.063600e-02 1.749208e-02 1.498333e-02 1.268940e-02 1.042041e-02 8.075543e-03 1.973544e-03 2.635080e-03 2.518015e-03 3.178654e-03 3.821218e-03 3.460459e-03 3.589527e-03 3.938586e-03 3.182384e-03 2.763599e-03 2.325648e-03 1.934874e-03 2.042586e-03
<GCONST> -6.992522e+01
<MIXTURE> 2 1.250000e-01
<MEAN> 39
 3.963901e-01 -4.037757e-01 -1.354236e-01 -5.005347e-01 -2.120910e-01 3.105895e-01 -1.451354e-02 1.947340e-04 8.341628e-02 -1.173871e-02 3.213008e-02 -4.133724e-02 8.934490e-01 2.761654e-02 1.045319e-02 2.181861e-03 1.420436e-02 -6.677332e-03 -1.745660e-02 -1.474126e-02 3.042664e-03 4.124942e-04 -3.840808e-03 -4.735800e-03 -3.725717e-03 -1.446131e-02 6.629073e-04 2.096751e-02 5.118542e-03 1.802551e-02 2.524552e-03 -1.557748e-02 -4.001752e-03 -3.749347e-03 -4.558829e-03 -1.003807e-03 -3.640237e-03 -8.550527e-04 -2.434350e-02
<VARIANCE> 39
 3.043460e-01 5.329813e-01 8.685611e-01 6.070784e-01 8.042808e-01 7.469088e-01 5.547894e-01 4.959520e-01 3.742931e-01 3.228798e-01 2.665279e-01 2.188519e-01 2.696275e-01 1.190600e-02 1.371612e-02 1.471452e-02 1.677188e-02 2.023299e-02 1.998625e-02 2.000911e-02 2.063600e-02 1.749208e-02 1.498333e-02 1.268940e-02 1.042041e-02 8.075543e-03 1.973544e-03 2.635080e-03 2.518015e-03 3.178654e-03 3.821218e-03 3.460459e-03 3.589527e-03 3.938586e-03 3.182384e-03 2.763599e-03 2.325648e-03 1.934874e-03 2.042586e-03
<GCONST> -6.992522e+01
<MIXTURE> 3 1.250000e-01
<MEAN> 39
 3.963901e-01 -4.037757e-01 -1.354236e-01 -5.005347e-01 -2.120910e-01 3.105895e-01 -1.451354e-02 1.947340e-04 8.341628e-02 -1.173871e-02 3.213008e-02 -4.133724e-02 8.934490e-01 2.761654e-02 1.045319e-02 2.181861e-03 1.420436e-02 -6.677332e-03 -1.745660e-02 -1.474126e-02 3.042664e-03 4.124942e-04 -3.840808e-03 -4.735800e-03 -3.725717e-03 -1.446131e-02 6.629073e-04 2.096751e-02 5.118542e-03 1.802551e-02 2.524552e-03 -1.557748e-02 -4.001752e-03 -3.749347e-03 -4.558829e-03 -1.003807e-03 -3.640237e-03 -8.550527e-04 -2.434350e-02
<VARIANCE> 39
 3.043460e-01 5.329813e-01 8.685611e-01 6.070784e-01 8.042808e-01 7.469088e-01 5.547894e-01 4.959520e-01 3.742931e-01 3.228798e-01 2.665279e-01 2.188519e-01 2.696275e-01 1.190600e-02 1.371612e-02 1.471452e-02 1.677188e-02 2.023299e-02 1.998625e-02 2.000911e-02 2.063600e-02 1.749208e-02 1.498333e-02 1.268940e-02 1.042041e-02 8.075543e-03 1.973544e-03 2.635080e-03 2.518015e-03 3.178654e-03 3.821218e-03 3.460459e-03 3.589527e-03 3.938586e-03 3.182384e-03 2.763599e-03 2.325648e-03 1.934874e-03 2.042586e-03
<GCONST> -6.992522e+01
<MIXTURE> 4 1.250000e-01
<MEAN> 39
 3.963901e-01 -4.037757e-01 -1.354236e-01 -5.005347e-01 -2.120910e-01 3.105895e-01 -1.451354e-02 1.947340e-04 8.341628e-02 -1.173871e-02 3.213008e-02 -4.133724e-02 8.934490e-01 2.761654e-02 1.045319e-02 2.181861e-03 1.420436e-02 -6.677332e-03 -1.745660e-02 -1.474126e-02 3.042664e-03 4.124942e-04 -3.840808e-03 -4.735800e-03 -3.725717e-03 -1.446131e-02 6.629073e-04 2.096751e-02 5.118542e-03 1.802551e-02 2.524552e-03 -1.557748e-02 -4.001752e-03 -3.749347e-03 -4.558829e-03 -1.003807e-03 -3.640237e-03 -8.550527e-04 -2.434350e-02
<VARIANCE> 39
 3.043460e-01 5.329813e-01 8.685611e-01 6.070784e-01 8.042808e-01 7.469088e-01 5.547894e-01 4.959520e-01 3.742931e-01 3.228798e-01 2.665279e-01 2.188519e-01 2.696275e-01 1.190600e-02 1.371612e-02 1.471452e-02 1.677188e-02 2.023299e-02 1.998625e-02 2.000911e-02 2.063600e-02 1.749208e-02 1.498333e-02 1.268940e-02 1.042041e-02 8.075543e-03 1.973544e-03 2.635080e-03 2.518015e-03 3.178654e-03 3.821218e-03 3.460459e-03 3.589527e-03 3.938586e-03 3.182384e-03 2.763599e-03 2.325648e-03 1.934874e-03 2.042586e-03
<GCONST> -6.992522e+01
<MIXTURE> 5 1.250000e-01
<MEAN> 39
 3.963901e-01 -4.037757e-01 -1.354236e-01 -5.005347e-01 -2.120910e-01 3.105895e-01 -1.451354e-02 1.947340e-04 8.341628e-02 -1.173871e-02 3.213008e-02 -4.133724e-02 8.934490e-01 2.761654e-02 1.045319e-02 2.181861e-03 1.420436e-02 -6.677332e-03 -1.745660e-02 -1.474126e-02 3.042664e-03 4.124942e-04 -3.840808e-03 -4.735800e-03 -3.725717e-03 -1.446131e-02 6.629073e-04 2.096751e-02 5.118542e-03 1.802551e-02 2.524552e-03 -1.557748e-02 -4.001752e-03 -3.749347e-03 -4.558829e-03 -1.003807e-03 -3.640237e-03 -8.550527e-04 -2.434350e-02
<VARIANCE> 39
 3.043460e-01 5.329813e-01 8.685611e-01 6.070784e-01 8.042808e-01 7.469088e-01 5.547894e-01 4.959520e-01 3.742931e-01 3.228798e-01 2.665279e-01 2.188519e-01 2.696275e-01 1.190600e-02 1.371612e-02 1.471452e-02 1.677188e-02 2.023299e-02 1.998625e-02 2.000911e-02 2.063600e-02 1.749208e-02 1.498333e-02 1.268940e-02 1.042041e-02 8.075543e-03 1.973544e-03 2.635080e-03 2.518015e-03 3.178654e-03 3.821218e-03 3.460459e-03 3.589527e-03 3.938586e-03 3.182384e-03 2.763599e-03 2.325648e-03 1.934874e-03 2.042586e-03
<GCONST> -6.992522e+01
<MIXTURE> 6 1.250000e-01
<MEAN> 39
 3.963901e-01 -4.037757e-01 -1.354236e-01 -5.005347e-01 -2.120910e-01 3.105895e-01 -1.451354e-02 1.947340e-04 8.341628e-02 -1.173871e-02 3.213008e-02 -4.133724e-02 8.934490e-01 2.761654e-02 1.045319e-02 2.181861e-03 1.420436e-02 -6.677332e-03 -1.745660e-02 -1.474126e-02 3.042664e-03 4.124942e-04 -3.840808e-03 -4.735800e-03 -3.725717e-03 -1.446131e-02 6.629073e-04 2.096751e-02 5.118542e-03 1.802551e-02 2.524552e-03 -1.557748e-02 -4.001752e-03 -3.749347e-03 -4.558829e-03 -1.003807e-03 -3.640237e-03 -8.550527e-04 -2.434350e-02
<VARIANCE> 39
 3.043460e-01 5.329813e-01 8.685611e-01 6.070784e-01 8.042808e-01 7.469088e-01 5.547894e-01 4.959520e-01 3.742931e-01 3.228798e-01 2.665279e-01 2.188519e-01 2.696275e-01 1.190600e-02 1.371612e-02 1.471452e-02 1.677188e-02 2.023299e-02 1.998625e-02 2.000911e-02 2.063600e-02 1.749208e-02 1.498333e-02 1.268940e-02 1.042041e-02 8.075543e-03 1.973544e-03 2.635080e-03 2.518015e-03 3.178654e-03 3.821218e-03 3.460459e-03 3.589527e-03 3.938586e-03 3.182384e-03 2.763599e-03 2.325648e-03 1.934874e-03 2.042586e-03
<GCONST> -6.992522e+01
<MIXTURE> 7 1.250000e-01
<MEAN> 39
 3.963901e-01 -4.037757e-01 -1.354236e-01 -5.005347e-01 -2.120910e-01 3.105895e-01 -1.451354e-02 1.947340e-04 8.341628e-02 -1.173871e-02 3.213008e-02 -4.133724e-02 8.934490e-01 2.761654e-02 1.045319e-02 2.181861e-03 1.420436e-02 -6.677332e-03 -1.745660e-02 -1.474126e-02 3.042664e-03 4.124942e-04 -3.840808e-03 -4.735800e-03 -3.725717e-03 -1.446131e-02 6.629073e-04 2.096751e-02 5.118542e-03 1.802551e-02 2.524552e-03 -1.557748e-02 -4.001752e-03 -3.749347e-03 -4.558829e-03 -1.003807e-03 -3.640237e-03 -8.550527e-04 -2.434350e-02
<VARIANCE> 39
 3.043460e-01 5.329813e-01 8.685611e-01 6.070784e-01 8.042808e-01 7.469088e-01 5.547894e-01 4.959520e-01 3.742931e-01 3.228798e-01 2.665279e-01 2.188519e-01 2.696275e-01 1.190600e-02 1.371612e-02 1.471452e-02 1.677188e-02 2.023299e-02 1.998625e-02 2.000911e-02 2.063600e-02 1.749208e-02 1.498333e-02 1.268940e-02 1.042041e-02 8.075543e-03 1.973544e-03 2.635080e-03 2.518015e-03 3.178654e-03 3.821218e-03 3.460459e-03 3.589527e-03 3.938586e-03 3.182384e-03 2.763599e-03 2.325648e-03 1.934874e-03 2.042586e-03
<GCONST> -6.992522e+01
<MIXTURE> 8 1.250000e-01
<MEAN> 39
 3.963901e-01 -4.037757e-01 -1.354236e-01 -5.005347e-01 -2.120910e-01 3.105895e-01 -1.451354e-02 1.947340e-04 8.341628e-02 -1.173871e-02 3.213008e-02 -4.133724e-02 8.934490e-01 2.761654e-02 1.045319e-02 2.181861e-03 1.420436e-02 -6.677332e-03 -1.745660e-02 -1.474126e-02 3.042664e-03 4.124942e-04 -3.840808e-03 -4.735800e-03 -3.725717e-03 -1.446131e-02 6.629073e-04 2.096751e-02 5.118542e-03 1.802551e-02 2.524552e-03 -1.557748e-02 -4.001752e-03 -3.749347e-03 -4.558829e-03 -1.003807e-03 -3.640237e-03 -8.550527e-04 -2.434350e-02
<VARIANCE> 39
 3.043460e-01 5.329813e-01 8.685611e-01 6.070784e-01 8.042808e-01 7.469088e-01 5.547894e-01 4.959520e-01 3.742931e-01 3.228798e-01 2.665279e-01 2.188519e-01 2.696275e-01 1.190600e-02 1.371612e-02 1.471452e-02 1.677188e-02 2.023299e-02 1.998625e-02 2.000911e-02 2.063600e-02 1.749208e-02 1.498333e-02 1.268940e-02 1.042041e-02 8.075543e-03 1.973544e-03 2.635080e-03 2.518015e-03 3.178654e-03 3.821218e-03 3.460459e-03 3.589527e-03 3.938586e-03 3.182384e-03 2.763599e-03 2.325648e-03 1.934874e-03 2.042586e-03
<GCONST> -6.992522e+01
<STATE> 6
<NUMMIXES> 8
<MIXTURE> 1 1.250000e-01
<MEAN> 39
 4.069667e-01 -2.558984e-01 4.306810e-02 -3.102699e-01 -3.873070e-01 -1.013661e-01 -9.635537e-02 1.628833e-01 9.142286e-02 3.117367e-02 3.218578e-03 -2.781537e-02 7.265369e-01 5.750464e-02 8.053245e-02 2.485501e-02 8.295975e-02 1.384811e-03 -6.428622e-02 -4.367859e-02 -2.264318e-02 -1.818884e-02 -8.093223e-03 -1.973646e-02 -1.295817e-02 -9.402706e-02 -1.110254e-02 2.865018e-02 -1.990966e-03 2.468732e-02 2.607662e-02 3.472640e-03 1.029185e-04 -2.473968e-02 -1.399277e-02 -3.149200e-03 -3.600265e-03 -2.333252e-03 -3.512367e-02
<VARIANCE> 39
 3.228446e-01 4.215717e-01 7.580695e-01 5.060319e-01 6.863742e-01 6.244639e-01 4.948339e-01 5.232371e-01 4.280849e-01 3.479955e-01 2.743587e-01 2.271653e-01 2.940467e-01 2.421688e-02 2.191993e-02 2.520820e-02 2.568913e-02 3.220238e-02 2.984866e-02 2.958353e-02 3.160892e-02 2.737002e-02 2.243378e-02 1.871183e-02 1.485746e-02 1.981387e-02 3.327671e-03 3.739169e-03 4.215684e-03 4.675664e-03 6.001065e-03 5.296096e-03 5.404796e-03 6.241458e-03 5.166910e-03 4.435417e-03 3.611167e-03 2.965639e-03 3.177941e-03
<GCONST> -5.834922e+01
<MIXTURE> 2 1.250000e-01
<MEAN> 39
 4.069667e-01 -2.558984e-01 4.306810e-02 -3.102699e-01 -3.873070e-01 -1.013661e-01 -9.635537e-02 1.628833e-01 9.142286e-02 3.117367e-02 3.218578e-03 -2.781537e-02 7.265369e-01 5.750464e-02 8.053245e-02 2.485501e-02 8.295975e-02 1.384811e-03 -6.428622e-02 -4.367859e-02 -2.264318e-02 -1.818884e-02 -8.093223e-03 -1.973646e-02 -1.295817e-02 -9.402706e-02 -1.110254e-02 2.865018e-02 -1.990966e-03 2.468732e-02 2.607662e-02 3.472640e-03 1.029185e-04 -2.473968e-02 -1.399277e-02 -3.149200e-03 -3.600265e-03 -2.333252e-03 -3.512367e-02
<VARIANCE> 39
 3.228446e-01 4.215717e-01 7.580695e-01 5.060319e-01 6.863742e-01 6.244639e-01 4.948339e-01 5.232371e-01 4.280849e-01 3.479955e-01 2.743587e-01 2.271653e-01 2.940467e-01 2.421688e-02 2.191993e-02 2.520820e-02 2.568913e-02 3.220238e-02 2.984866e-02 2.958353e-02 3.160892e-02 2.737002e-02 2.243378e-02 1.871183e-02 1.485746e-02 1.981387e-02 3.327671e-03 3.739169e-03 4.215684e-03 4.675664e-03 6.001065e-03 5.296096e-03 5.404796e-03 6.241458e-03 5.166910e-03 4.435417e-03 3.611167e-03 2.965639e-03 3.177941e-03
<GCONST> -5.834922e+01
<MIXTURE> 3 1.250000e-01
<MEAN> 39
 4.069667e-01 -2.558984e-01 4.306810e-02 -3.102699e-01 -3.873070e-01 -1.013661e-01 -9.635537e-02 1.628833e-01 9.142286e-02 3.117367e-02 3.218578e-03 -2.781537e-02 7.265369e-01 5.750464e-02 8.053245e-02 2.485501e-02 8.295975e-02 1.384811e-03 -6.428622e-02 -4.367859e-02 -2.264318e-02 -1.818884e-02 -8.093223e-03 -1.973646e-02 -1.295817e-02 -9.402706e-02 -1.110254e-02 2.865018e-02 -1.990966e-03 2.468732e-02 2.607662e-02 3.472640e-03 1.029185e-04 -2.473968e-02 -1.399277e-02 -3.149200e-03 -3.600265e-03 -2.333252e-03 -3.512367e-02
<VARIANCE> 39
 3.228446e-01 4.215717e-01 7.580695e-01 5.060319e-01 6.863742e-01 6.244639e-01 4.948339e-01 5.232371e-01 4.280849e-01 3.479955e-01 2.743587e-01 2.271653e-01 2.940467e-01 2.421688e-02 2.191993e-02 2.520820e-02 2.568913e-02 3.220238e-02 2.984866e-02 2.958353e-02 3.160892e-02 2.737002e-02 2.243378e-02 1.871183e-02 1.485746e-02 1.981387e-02 3.327671e-03 3.739169e-03 4.215684e-03 4.675664e-03 6.001065e-03 5.296096e-03 5.404796e-03 6.241458e-03 5.166910e-03 4.435417e-03 3.611167e-03 2.965639e-03 3.177941e-03
<GCONST> -5.834922e+01
<MIXTURE> 4 1.250000e-01
<MEAN> 39
 4.069667e-01 -2.558984e-01 4.306810e-02 -3.102699e-01 -3.873070e-01 -1.013661e-01 -9.635537e-02 1.628833e-01 9.142286e-02 3.117367e-02 3.218578e-03 -2.781537e-02 7.265369e-01 5.750464e-02 8.053245e-02 2.485501e-02 8.295975e-02 1.384811e-03 -6.428622e-02 -4.367859e-02 -2.264318e-02 -1.818884e-02 -8.093223e-03 -1.973646e-02 -1.295817e-02 -9.402706e-02 -1.110254e-02 2.865018e-02 -1.990966e-03 2.468732e-02 2.607662e-02 3.472640e-03 1.029185e-04 -2.473968e-02 -1.399277e-02 -3.149200e-03 -3.600265e-03 -2.333252e-03 -3.512367e-02
<VARIANCE> 39
 3.228446e-01 4.215717e-01 7.580695e-01 5.060319e-01 6.863742e-01 6.244639e-01 4.948339e-01 5.232371e-01 4.280849e-01 3.479955e-01 2.743587e-01 2.271653e-01 2.940467e-01 2.421688e-02 2.191993e-02 2.520820e-02 2.568913e-02 3.220238e-02 2.984866e-02 2.958353e-02 3.160892e-02 2.737002e-02 2.243378e-02 1.871183e-02 1.485746e-02 1.981387e-02 3.327671e-03 3.739169e-03 4.215684e-03 4.675664e-03 6.001065e-03 5.296096e-03 5.404796e-03 6.241458e-03 5.166910e-03 4.435417e-03 3.611167e-03 2.965639e-03 3.177941e-03
<GCONST> -5.834922e+01
<MIXTURE> 5 1.250000e-01
<MEAN> 39
 4.069667e-01 -2.558984e-01 4.306810e-02 -3.102699e-01 -3.873070e-01 -1.013661e-01 -9.635537e-02 1.628833e-01 9.142286e-02 3.117367e-02 3.218578e-03 -2.781537e-02 7.265369e-01 5.750464e-02 8.053245e-02 2.485501e-02 8.295975e-02 1.384811e-03 -6.428622e-02 -4.367859e-02 -2.264318e-02 -1.818884e-02 -8.093223e-03 -1.973646e-02 -1.295817e-02 -9.402706e-02 -1.110254e-02 2.865018e-02 -1.990966e-03 2.468732e-02 2.607662e-02 3.472640e-03 1.029185e-04 -2.473968e-02 -1.399277e-02 -3.149200e-03 -3.600265e-03 -2.333252e-03 -3.512367e-02
<VARIANCE> 39
 3.228446e-01 4.215717e-01 7.580695e-01 5.060319e-01 6.863742e-01 6.244639e-01 4.948339e-01 5.232371e-01 4.280849e-01 3.479955e-01 2.743587e-01 2.271653e-01 2.940467e-01 2.421688e-02 2.191993e-02 2.520820e-02 2.568913e-02 3.220238e-02 2.984866e-02 2.958353e-02 3.160892e-02 2.737002e-02 2.243378e-02 1.871183e-02 1.485746e-02 1.981387e-02 3.327671e-03 3.739169e-03 4.215684e-03 4.675664e-03 6.001065e-03 5.296096e-03 5.404796e-03 6.241458e-03 5.166910e-03 4.435417e-03 3.611167e-03 2.965639e-03 3.177941e-03
<GCONST> -5.834922e+01
<MIXTURE> 6 1.250000e-01
<MEAN> 39
 4.069667e-01 -2.558984e-01 4.306810e-02 -3.102699e-01 -3.873070e-01 -1.013661e-01 -9.635537e-02 1.628833e-01 9.142286e-02 3.117367e-02 3.218578e-03 -2.781537e-02 7.265369e-01 5.750464e-02 8.053245e-02 2.485501e-02 8.295975e-02 1.384811e-03 -6.428622e-02 -4.367859e-02 -2.264318e-02 -1.818884e-02 -8.093223e-03 -1.973646e-02 -1.295817e-02 -9.402706e-02 -1.110254e-02 2.865018e-02 -1.990966e-03 2.468732e-02 2.607662e-02 3.472640e-03 1.029185e-04 -2.473968e-02 -1.399277e-02 -3.149200e-03 -3.600265e-03 -2.333252e-03 -3.512367e-02
<VARIANCE> 39
 3.228446e-01 4.215717e-01 7.580695e-01 5.060319e-01 6.863742e-01 6.244639e-01 4.948339e-01 5.232371e-01 4.280849e-01 3.479955e-01 2.743587e-01 2.271653e-01 2.940467e-01 2.421688e-02 2.191993e-02 2.520820e-02 2.568913e-02 3.220238e-02 2.984866e-02 2.958353e-02 3.160892e-02 2.737002e-02 2.243378e-02 1.871183e-02 1.485746e-02 1.981387e-02 3.327671e-03 3.739169e-03 4.215684e-03 4.675664e-03 6.001065e-03 5.296096e-03 5.404796e-03 6.241458e-03 5.166910e-03 4.435417e-03 3.611167e-03 2.965639e-03 3.177941e-03
<GCONST> -5.834922e+01
<MIXTURE> 7 1.250000e-01
<MEAN> 39
 4.069667e-01 -2.558984e-01 4.306810e-02 -3.102699e-01 -3.873070e-01 -1.013661e-01 -9.635537e-02 1.628833e-01 9.142286e-02 3.117367e-02 3.218578e-03 -2.781537e-02 7.265369e-01 5.750464e-02 8.053245e-02 2.485501e-02 8.295975e-02 1.384811e-03 -6.428622e-02 -4.367859e-02 -2.264318e-02 -1.818884e-02 -8.093223e-03 -1.973646e-02 -1.295817e-02 -9.402706e-02 -1.110254e-02 2.865018e-02 -1.990966e-03 2.468732e-02 2.607662e-02 3.472640e-03 1.029185e-04 -2.473968e-02 -1.399277e-02 -3.149200e-03 -3.600265e-03 -2.333252e-03 -3.512367e-02
<VARIANCE> 39
 3.228446e-01 4.215717e-01 7.580695e-01 5.060319e-01 6.863742e-01 6.244639e-01 4.948339e-01 5.232371e-01 4.280849e-01 3.479955e-01 2.743587e-01 2.271653e-01 2.940467e-01 2.421688e-02 2.191993e-02 2.520820e-02 2.568913e-02 3.220238e-02 2.984866e-02 2.958353e-02 3.160892e-02 2.737002e-02 2.243378e-02 1.871183e-02 1.485746e-02 1.981387e-02 3.327671e-03 3.739169e-03 4.215684e-03 4.675664e-03 6.001065e-03 5.296096e-03 5.404796e-03 6.241458e-03 5.166910e-03 4.435417e-03 3.611167e-03 2.965639e-03 3.177941e-03
<GCONST> -5.834922e+01
<MIXTURE> 8 1.250000e-01
<MEAN> 39
 4.069667e-01 -2.558984e-01 4.306810e-02 -3.102699e-01 -3.873070e-01 -1.013661e-01 -9.635537e-02 1.628833e-01 9.142286e-02 3.117367e-02 3.218578e-03 -2.781537e-02 7.265369e-01 5.750464e-02 8.053245e-02 2.485501e-02 8.295975e-02 1.384811e-03 -6.428622e-02 -4.367859e-02 -2.264318e-02 -1.818884e-02 -8.093223e-03 -1.973646e-02 -1.295817e-02 -9.402706e-02 -1.110254e-02 2.865018e-02 -1.990966e-03 2.468732e-02 2.607662e-02 3.472640e-03 1.029185e-04 -2.473968e-02 -1.399277e-02 -3.149200e-03 -3.600265e-03 -2.333252e-03 -3.512367e-02
<VARIANCE> 39
 3.228446e-01 4.215717e-01 7.580695e-01 5.060319e-01 6.863742e-01 6.244639e-01 4.948339e-01 5.232371e-01 4.280849e-01 3.479955e-01 2.743587e-01 2.271653e-01 2.940467e-01 2.421688e-02 2.191993e-02 2.520820e-02 2.568913e-02 3.220238e-02 2.984866e-02 2.958353e-02 3.160892e-02 2.737002e-02 2.243378e-02 1.871183e-02 1.485746e-02 1.981387e-02 3.327671e-03 3.739169e-03 4.215684e-03 4.675664e-03 6.001065e-03 5.296096e-03 5.404796e-03 6.241458e-03 5.166910e-03 4.435417e-03 3.611167e-03 2.965639e-03 3.177941e-03
<GCONST> -5.834922e+01
<STATE> 7
<NUMMIXES> 8
<MIXTURE> 1 1.250000e-01
<MEAN> 39
 5.293971e-01 1.086097e-01 1.174335e-01 2.314788e-02 -2.650055e-01 -2.485480e-01 -2.595290e-01 -7.996205e-02 -2.267367e-02 2.455669e-02 -6.624839e-02 -8.410928e-02 3.187086e-01 -5.690474e-04 9.304202e-02 1.800966e-03 8.701280e-02 6.175357e-02 -1.222765e-02 -7.397571e-03 -5.388997e-02 -3.762531e-02 -1.733516e-02 -1.746249e-02 -1.290522e-02 -1.151563e-01 -3.730661e-02 -1.325358e-02 -1.073531e-02 -1.699919e-02 1.053872e-02 2.024226e-02 1.962624e-02 6.735423e-03 1.676731e-03 1.529189e-03 8.707682e-03 6.488685e-03 1.027008e-02
<VARIANCE> 39
 2.849257e-01 3.950984e-01 6.195142e-01 4.888151e-01 5.568596e-01 5.472183e-01 4.343939e-01 4.955169e-01 4.513086e-01 3.399968e-01 2.782719e-01 2.246415e-01 3.611327e-01 3.764939e-02 3.304005e-02 3.696351e-02 4.022263e-02 4.498361e-02 4.182366e-02 3.638833e-02 4.418677e-02 3.586072e-02 2.922907e-02 2.376023e-02 1.893473e-02 3.710565e-02 4.288278e-03 5.041154e-03 5.084138e-03 5.545216e-03 6.974317e-03 6.437306e-03 6.013156e-03 7.651270e-03 6.733857e-03 5.481322e-03 4.424633e-03 3.512822e-03 4.257758e-03
<GCONST> -5.181579e+01
<MIXTURE> 2 1.250000e-01
<MEAN> 39
 5.293971e-01 1.086097e-01 1.174335e-01 2.314788e-02 -2.650055e-01 -2.485480e-01 -2.595290e-01 -7.996205e-02 -2.267367e-02 2.455669e-02 -6.624839e-02 -8.410928e-02 3.187086e-01 -5.690474e-04 9.304202e-02 1.800966e-03 8.701280e-02 6.175357e-02 -1.222765e-02 -7.397571e-03 -5.388997e-02 -3.762531e-02 -1.733516e-02 -1.746249e-02 -1.290522e-02 -1.151563e-01 -3.730661e-02 -1.325358e-02 -1.073531e-02 -1.699919e-02 1.053872e-02 2.024226e-02 1.962624e-02 6.735423e-03 1.676731e-03 1.529189e-03 8.707682e-03 6.488685e-03 1.027008e-02
<VARIANCE> 39
 2.849257e-01 3.950984e-01 6.195142e-01 4.888151e-01 5.568596e-01 5.472183e-01 4.343939e-01 4.955169e-01 4.513086e-01 3.399968e-01 2.782719e-01 2.246415e-01 3.611327e-01 3.764939e-02 3.304005e-02 3.696351e-02 4.022263e-02 4.498361e-02 4.182366e-02 3.638833e-02 4.418677e-02 3.586072e-02 2.922907e-02 2.376023e-02 1.893473e-02 3.710565e-02 4.288278e-03 5.041154e-03 5.084138e-03 5.545216e-03 6.974317e-03 6.437306e-03 6.013156e-03 7.651270e-03 6.733857e-03 5.481322e-03 4.424633e-03 3.512822e-03 4.257758e-03
<GCONST> -5.181579e+01
<MIXTURE> 3 1.250000e-01
<MEAN> 39
 5.293971e-01 1.086097e-01 1.174335e-01 2.314788e-02 -2.650055e-01 -2.485480e-01 -2.595290e-01 -7.996205e-02 -2.267367e-02 2.455669e-02 -6.624839e-02 -8.410928e-02 3.187086e-01 -5.690474e-04 9.304202e-02 1.800966e-03 8.701280e-02 6.175357e-02 -1.222765e-02 -7.397571e-03 -5.388997e-02 -3.762531e-02 -1.733516e-02 -1.746249e-02 -1.290522e-02 -1.151563e-01 -3.730661e-02 -1.325358e-02 -1.073531e-02 -1.699919e-02 1.053872e-02 2.024226e-02 1.962624e-02 6.735423e-03 1.676731e-03 1.529189e-03 8.707682e-03 6.488685e-03 1.027008e-02
<VARIANCE> 39
 2.849257e-01 3.950984e-01 6.195142e-01 4.888151e-01 5.568596e-01 5.472183e-01 4.343939e-01 4.955169e-01 4.513086e-01 3.399968e-01 2.782719e-01 2.246415e-01 3.611327e-01 3.764939e-02 3.304005e-02 3.696351e-02 4.022263e-02 4.498361e-02 4.182366e-02 3.638833e-02 4.418677e-02 3.586072e-02 2.922907e-02 2.376023e-02 1.893473e-02 3.710565e-02 4.288278e-03 5.041154e-03 5.084138e-03 5.545216e-03 6.974317e-03 6.437306e-03 6.013156e-03 7.651270e-03 6.733857e-03 5.481322e-03 4.424633e-03 3.512822e-03 4.257758e-03
<GCONST> -5.181579e+01
<MIXTURE> 4 1.250000e-01
<MEAN> 39
 5.293971e-01 1.086097e-01 1.174335e-01 2.314788e-02 -2.650055e-01 -2.485480e-01 -2.595290e-01 -7.996205e-02 -2.267367e-02 2.455669e-02 -6.624839e-02 -8.410928e-02 3.187086e-01 -5.690474e-04 9.304202e-02 1.800966e-03 8.701280e-02 6.175357e-02 -1.222765e-02 -7.397571e-03 -5.388997e-02 -3.762531e-02 -1.733516e-02 -1.746249e-02 -1.290522e-02 -1.151563e-01 -3.730661e-02 -1.325358e-02 -1.073531e-02 -1.699919e-02 1.053872e-02 2.024226e-02 1.962624e-02 6.735423e-03 1.676731e-03 1.529189e-03 8.707682e-03 6.488685e-03 1.027008e-02
<VARIANCE> 39
 2.849257e-01 3.950984e-01 6.195142e-01 4.888151e-01 5.568596e-01 5.472183e-01 4.343939e-01 4.955169e-01 4.513086e-01 3.399968e-01 2.782719e-01 2.246415e-01 3.611327e-01 3.764939e-02 3.304005e-02 3.696351e-02 4.022263e-02 4.498361e-02 4.182366e-02 3.638833e-02 4.418677e-02 3.586072e-02 2.922907e-02 2.376023e-02 1.893473e-02 3.710565e-02 4.288278e-03 5.041154e-03 5.084138e-03 5.545216e-03 6.974317e-03 6.437306e-03 6.013156e-03 7.651270e-03 6.733857e-03 5.481322e-03 4.424633e-03 3.512822e-03 4.257758e-03
<GCONST> -5.181579e+01
<MIXTURE> 5 1.250000e-01
<MEAN> 39
 5.293971e-01 1.086097e-01 1.174335e-01 2.314788e-02 -2.650055e-01 -2.485480e-01 -2.595290e-01 -7.996205e-02 -2.267367e-02 2.455669e-02 -6.624839e-02 -8.410928e-02 3.187086e-01 -5.690474e-04 9.304202e-02 1.800966e-03 8.701280e-02 6.175357e-02 -1.222765e-02 -7.397571e-03 -5.388997e-02 -3.762531e-02 -1.733516e-02 -1.746249e-02 -1.290522e-02 -1.151563e-01 -3.730661e-02 -1.325358e-02 -1.073531e-02 -1.699919e-02 1.053872e-02 2.024226e-02 1.962624e-02 6.735423e-03 1.676731e-03 1.529189e-03 8.707682e-03 6.488685e-03 1.027008e-02
<VARIANCE> 39
 2.849257e-01 3.950984e-01 6.195142e-01 4.888151e-01 5.568596e-01 5.472183e-01 4.343939e-01 4.955169e-01 4.513086e-01 3.399968e-01 2.782719e-01 2.246415e-01 3.611327e-01 3.764939e-02 3.304005e-02 3.696351e-02 4.022263e-02 4.498361e-02 4.182366e-02 3.638833e-02 4.418677e-02 3.586072e-02 2.922907e-02 2.376023e-02 1.893473e-02 3.710565e-02 4.288278e-03 5.041154e-03 5.084138e-03 5.545216e-03 6.974317e-03 6.437306e-03 6.013156e-03 7.651270e-03 6.733857e-03 5.481322e-03 4.424633e-03 3.512822e-03 4.257758e-03
<GCONST> -5.181579e+01
<MIXTURE> 6 1.250000e-01
<MEAN> 39
 5.293971e-01 1.086097e-01 1.174335e-01 2.314788e-02 -2.650055e-01 -2.485480e-01 -2.595290e-01 -7.996205e-02 -2.267367e-02 2.455669e-02 -6.624839e-02 -8.410928e-02 3.187086e-01 -5.690474e-04 9.304202e-02 1.800966e-03 8.701280e-02 6.175357e-02 -1.222765e-02 -7.397571e-03 -5.388997e-02 -3.762531e-02 -1.733516e-02 -1.746249e-02 -1.290522e-02 -1.151563e-01 -3.730661e-02 -1.325358e-02 -1.073531e-02 -1.699919e-02 1.053872e-02 2.024226e-02 1.962624e-02 6.735423e-03 1.676731e-03 1.529189e-03 8.707682e-03 6.488685e-03 1.027008e-02
<VARIANCE> 39
 2.849257e-01 3.950984e-01 6.195142e-01 4.888151e-01 5.568596e-01 5.472183e-01 4.343939e-01 4.955169e-01 4.513086e-01 3.399968e-01 2.782719e-01 2.246415e-01 3.611327e-01 3.764939e-02 3.304005e-02 3.696351e-02 4.022263e-02 4.498361e-02 4.182366e-02 3.638833e-02 4.418677e-02 3.586072e-02 2.922907e-02 2.376023e-02 1.893473e-02 3.710565e-02 4.288278e-03 5.041154e-03 5.084138e-03 5.545216e-03 6.974317e-03 6.437306e-03 6.013156e-03 7.651270e-03 6.733857e-03 5.481322e-03 4.424633e-03 3.512822e-03 4.257758e-03
<GCONST> -5.181579e+01
<MIXTURE> 7 1.250000e-01
<MEAN> 39
 5.293971e-01 1.086097e-01 1.174335e-01 2.314788e-02 -2.650055e-01 -2.485480e-01 -2.595290e-01 -7.996205e-02 -2.267367e-02 2.455669e-02 -6.624839e-02 -8.410928e-02 3.187086e-01 -5.690474e-04 9.304202e-02 1.800966e-03 8.701280e-02 6.175357e-02 -1.222765e-02 -7.397571e-03 -5.388997e-02 -3.762531e-02 -1.733516e-02 -1.746249e-02 -1.290522e-02 -1.151563e-01 -3.730661e-02 -1.325358e-02 -1.073531e-02 -1.699919e-02 1.053872e-02 2.024226e-02 1.962624e-02 6.735423e-03 1.676731e-03 1.529189e-03 8.707682e-03 6.488685e-03 1.027008e-02
<VARIANCE> 39
 2.849257e-01 3.950984e-01 6.195142e-01 4.888151e-01 5.568596e-01 5.472183e-01 4.343939e-01 4.955169e-01 4.513086e-01 3.399968e-01 2.782719e-01 2.246415e-01 3.611327e-01 3.764939e-02 3.304005e-02 3.696351e-02 4.022263e-02 4.498361e-02 4.182366e-02 3.638833e-02 4.418677e-02 3.586072e-02 2.922907e-02 2.376023e-02 1.893473e-02 3.710565e-02 4.288278e-03 5.041154e-03 5.084138e-03 5.545216e-03 6.974317e-03 6.437306e-03 6.013156e-03 7.651270e-03 6.733857e-03 5.481322e-03 4.424633e-03 3.512822e-03 4.257758e-03
<GCONST> -5.181579e+01
<MIXTURE> 8 1.250000e-01
<MEAN> 39
 5.293971e-01 1.086097e-01 1.174335e-01 2.314788e-02 -2.650055e-01 -2.485480e-01 -2.595290e-01 -7.996205e-02 -2.267367e-02 2.455669e-02 -6.624839e-02 -8.410928e-02 3.187086e-01 -5.690474e-04 9.304202e-02 1.800966e-03 8.701280e-02 6.175357e-02 -1.222765e-02 -7.397571e-03 -5.388997e-02 -3.762531e-02 -1.733516e-02 -1.746249e-02 -1.290522e-02 -1.151563e-01 -3.730661e-02 -1.325358e-02 -1.073531e-02 -1.699919e-02 1.053872e-02 2.024226e-02 1.962624e-02 6.735423e-03 1.676731e-03 1.529189e-03 8.707682e-03 6.488685e-03 1.027008e-02
<VARIANCE> 39
 2.849257e-01 3.950984e-01 6.195142e-01 4.888151e-01 5.568596e-01 5.472183e-01 4.343939e-01 4.955169e-01 4.513086e-01 3.399968e-01 2.782719e-01 2.246415e-01 3.611327e-01 3.764939e-02 3.304005e-02 3.696351e-02 4.022263e-02 4.498361e-02 4.182366e-02 3.638833e-02 4.418677e-02 3.586072e-02 2.922907e-02 2.376023e-02 1.893473e-02 3.710565e-02 4.288278e-03 5.041154e-03 5.084138e-03 5.545216e-03 6.974317e-03 6.437306e-03 6.013156e-03 7.651270e-03 6.733857e-03 5.481322e-03 4.424633e-03 3.512822e-03 4.257758e-03
<GCONST> -5.181579e+01
<TRANSP> 8
 0.000000e+00 1.000000e+00 0.000000e+00 0.000000e+00 0.000000e+00 0.000000e+00 0.000000e+00 0.000000e+00
 0.000000e+00 6.217470e-01 3.782530e-01 0.000000e+00 0.000000e+00 0.000000e+00 0.000000e+00 0.000000e+00
 0.000000e+00 0.000000e+00 3.270977e-01 6.729023e-01 0.000000e+00 0.000000e+00 0.000000e+00 0.000000e+00
 0.000000e+00 0.000000e+00 0.000000e+00 3.988838e-01 6.011162e-01 0.000000e+00 0.000000e+00 0.000000e+00
 0.000000e+00 0.000000e+00 0.000000e+00 0.000000e+00 7.041849e-01 2.958151e-01 0.000000e+00 0.000000e+00
 0.000000e+00 0.000000e+00 0.000000e+00 0.000000e+00 0.000000e+00 3.500229e-01 6.499771e-01 0.000000e+00
 0.000000e+00 0.000000e+00 0.000000e+00 0.000000e+00 0.000000e+00 0.000000e+00 5.645201e-01 4.354799e-01
 0.000000e+00 0.000000e+00 0.000000e+00 0.000000e+00 0.000000e+00 0.000000e+00 0.000000e+00 0.000000e+00
<ENDHMM>