~o
<STREAMINFO> 1 39
<VECSIZE> 39<NULLD><PLP_D_A_Z_0><DIAGC>
~h "gs1"
<BEGINHMM>
<NUMSTATES> 5
<STATE> 2
<NUMMIXES> 8
<MIXTURE> 1 1.250000e-01
<MEAN> 39
 2.009482e-01 6.886705e-02 1.183532e-01 -3.575684e-02 -1.880715e-01 -1.865580e-01 -9.493820e-02 -2.038001e-02 -9.431595e-03 7.291749e-03 -3.766205e-02 -2.466395e-02 3.488180e-01 -6.201212e-02 -2.623745e-02 -1.943770e-02 -4.915774e-02 1.067143e-02 3.328752e-02 2.019976e-02 9.484866e-03 8.057183e-03 1.295968e-02 1.728804e-02 1.072551e-02 6.128651e-02 -2.037210e-02 -6.196230e-03 -5.865402e-03 -3.892914e-03 5.664841e-03 1.017823e-02 5.830944e-03 -5.384441e-05 -6.828188e-04 3.959183e-03 6.973121e-03 1.993548e-03 2.904264e-03
<VARIANCE> 39
 5.500271e-01 5.107128e-01 5.958481e-01 5.139167e-01 5.962669e-01 5.155847e-01 4.079687e-01 4.450045e-01 3.729080e-01 2.913875e-01 2.317890e-01 1.883199e-01 5.822852e-01 6.736767e-02 4.209058e-02 4.182074e-02 4.275642e-02 5.143606e-02 4.310510e-02 3.696573e-02 4.109139e-02 3.466024e-02 2.705551e-02 2.278845e-02 1.893129e-02 5.022697e-02 7.129962e-03 7.165651e-03 5.949792e-03 7.214124e-03 8.415450e-03 6.985565e-03 6.082359e-03 7.553400e-03 6.123984e-03 5.012940e-03 4.022016e-03 3.206875e-03 8.504729e-03
<GCONST> -4.814323e+01
<MIXTURE> 2 1.250000e-01
<MEAN> 39
 2.009482e-01 6.886705e-02 1.183532e-01 -3.575684e-02 -1.880715e-01 -1.865580e-01 -9.493820e-02 -2.038001e-02 -9.431595e-03 7.291749e-03 -3.766205e-02 -2.466395e-02 3.488180e-01 -6.201212e-02 -2.623745e-02 -1.943770e-02 -4.915774e-02 1.067143e-02 3.328752e-02 2.019976e-02 9.484866e-03 8.057183e-03 1.295968e-02 1.728804e-02 1.072551e-02 6.128651e-02 -2.037210e-02 -6.196230e-03 -5.865402e-03 -3.892914e-03 5.664841e-03 1.017823e-02 5.830944e-03 -5.384441e-05 -6.828188e-04 3.959183e-03 6.973121e-03 1.993548e-03 2.904264e-03
<VARIANCE> 39
 5.500271e-01 5.107128e-01 5.958481e-01 5.139167e-01 5.962669e-01 5.155847e-01 4.079687e-01 4.450045e-01 3.729080e-01 2.913875e-01 2.317890e-01 1.883199e-01 5.822852e-01 6.736767e-02 4.209058e-02 4.182074e-02 4.275642e-02 5.143606e-02 4.310510e-02 3.696573e-02 4.109139e-02 3.466024e-02 2.705551e-02 2.278845e-02 1.893129e-02 5.022697e-02 7.129962e-03 7.165651e-03 5.949792e-03 7.214124e-03 8.415450e-03 6.985565e-03 6.082359e-03 7.553400e-03 6.123984e-03 5.012940e-03 4.022016e-03 3.206875e-03 8.504729e-03
<GCONST> -4.814323e+01
<MIXTURE> 3 1.250000e-01
<MEAN> 39
 2.009482e-01 6.886705e-02 1.183532e-01 -3.575684e-02 -1.880715e-01 -1.865580e-01 -9.493820e-02 -2.038001e-02 -9.431595e-03 7.291749e-03 -3.766205e-02 -2.466395e-02 3.488180e-01 -6.201212e-02 -2.623745e-02 -1.943770e-02 -4.915774e-02 1.067143e-02 3.328752e-02 2.019976e-02 9.484866e-03 8.057183e-03 1.295968e-02 1.728804e-02 1.072551e-02 6.128651e-02 -2.037210e-02 -6.196230e-03 -5.865402e-03 -3.892914e-03 5.664841e-03 1.017823e-02 5.830944e-03 -5.384441e-05 -6.828188e-04 3.959183e-03 6.973121e-03 1.993548e-03 2.904264e-03
<VARIANCE> 39
 5.500271e-01 5.107128e-01 5.958481e-01 5.139167e-01 5.962669e-01 5.155847e-01 4.079687e-01 4.450045e-01 3.729080e-01 2.913875e-01 2.317890e-01 1.883199e-01 5.822852e-01 6.736767e-02 4.209058e-02 4.182074e-02 4.275642e-02 5.143606e-02 4.310510e-02 3.696573e-02 4.109139e-02 3.466024e-02 2.705551e-02 2.278845e-02 1.893129e-02 5.022697e-02 7.129962e-03 7.165651e-03 5.949792e-03 7.214124e-03 8.415450e-03 6.985565e-03 6.082359e-03 7.553400e-03 6.123984e-03 5.012940e-03 4.022016e-03 3.206875e-03 8.504729e-03
<GCONST> -4.814323e+01
<MIXTURE> 4 1.250000e-01
<MEAN> 39
 2.009482e-01 6.886705e-02 1.183532e-01 -3.575684e-02 -1.880715e-01 -1.865580e-01 -9.493820e-02 -2.038001e-02 -9.431595e-03 7.291749e-03 -3.766205e-02 -2.466395e-02 3.488180e-01 -6.201212e-02 -2.623745e-02 -1.943770e-02 -4.915774e-02 1.067143e-02 3.328752e-02 2.019976e-02 9.484866e-03 8.057183e-03 1.295968e-02 1.728804e-02 1.072551e-02 6.128651e-02 -2.037210e-02 -6.196230e-03 -5.865402e-03 -3.892914e-03 5.664841e-03 1.017823e-02 5.830944e-03 -5.384441e-05 -6.828188e-04 3.959183e-03 6.973121e-03 1.993548e-03 2.904264e-03
<VARIANCE> 39
 5.500271e-01 5.107128e-01 5.958481e-01 5.139167e-01 5.962669e-01 5.155847e-01 4.079687e-01 4.450045e-01 3.729080e-01 2.913875e-01 2.317890e-01 1.883199e-01 5.822852e-01 6.736767e-02 4.209058e-02 4.182074e-02 4.275642e-02 5.143606e-02 4.310510e-02 3.696573e-02 4.109139e-02 3.466024e-02 2.705551e-02 2.278845e-02 1.893129e-02 5.022697e-02 7.129962e-03 7.165651e-03 5.949792e-03 7.214124e-03 8.415450e-03 6.985565e-03 6.082359e-03 7.553400e-03 6.123984e-03 5.012940e-03 4.022016e-03 3.206875e-03 8.504729e-03
<GCONST> -4.814323e+01
<MIXTURE> 5 1.250000e-01
<MEAN> 39
 2.009482e-01 6.886705e-02 1.183532e-01 -3.575684e-02 -1.880715e-01 -1.865580e-01 -9.493820e-02 -2.038001e-02 -9.431595e-03 7.291749e-03 -3.766205e-02 -2.466395e-02 3.488180e-01 -6.201212e-02 -2.623745e-02 -1.943770e-02 -4.915774e-02 1.067143e-02 3.328752e-02 2.019976e-02 9.484866e-03 8.057183e-03 1.295968e-02 1.728804e-02 1.072551e-02 6.128651e-02 -2.037210e-02 -6.196230e-03 -5.865402e-03 -3.892914e-03 5.664841e-03 1.017823e-02 5.830944e-03 -5.384441e-05 -6.828188e-04 3.959183e-03 6.973121e-03 1.993548e-03 2.904264e-03
<VARIANCE> 39
 5.500271e-01 5.107128e-01 5.958481e-01 5.139167e-01 5.962669e-01 5.155847e-01 4.079687e-01 4.450045e-01 3.729080e-01 2.913875e-01 2.317890e-01 1.883199e-01 5.822852e-01 6.736767e-02 4.209058e-02 4.182074e-02 4.275642e-02 5.143606e-02 4.310510e-02 3.696573e-02 4.109139e-02 3.466024e-02 2.705551e-02 2.278845e-02 1.893129e-02 5.022697e-02 7.129962e-03 7.165651e-03 5.949792e-03 7.214124e-03 8.415450e-03 6.985565e-03 6.082359e-03 7.553400e-03 6.123984e-03 5.012940e-03 4.022016e-03 3.206875e-03 8.504729e-03
<GCONST> -4.814323e+01
<MIXTURE> 6 1.250000e-01
<MEAN> 39
 2.009482e-01 6.886705e-02 1.183532e-01 -3.575684e-02 -1.880715e-01 -1.865580e-01 -9.493820e-02 -2.038001e-02 -9.431595e-03 7.291749e-03 -3.766205e-02 -2.466395e-02 3.488180e-01 -6.201212e-02 -2.623745e-02 -1.943770e-02 -4.915774e-02 1.067143e-02 3.328752e-02 2.019976e-02 9.484866e-03 8.057183e-03 1.295968e-02 1.728804e-02 1.072551e-02 6.128651e-02 -2.037210e-02 -6.196230e-03 -5.865402e-03 -3.892914e-03 5.664841e-03 1.017823e-02 5.830944e-03 -5.384441e-05 -6.828188e-04 3.959183e-03 6.973121e-03 1.993548e-03 2.904264e-03
<VARIANCE> 39
 5.500271e-01 5.107128e-01 5.958481e-01 5.139167e-01 5.962669e-01 5.155847e-01 4.079687e-01 4.450045e-01 3.729080e-01 2.913875e-01 2.317890e-01 1.883199e-01 5.822852e-01 6.736767e-02 4.209058e-02 4.182074e-02 4.275642e-02 5.143606e-02 4.310510e-02 3.696573e-02 4.109139e-02 3.466024e-02 2.705551e-02 2.278845e-02 1.893129e-02 5.022697e-02 7.129962e-03 7.165651e-03 5.949792e-03 7.214124e-03 8.415450e-03 6.985565e-03 6.082359e-03 7.553400e-03 6.123984e-03 5.012940e-03 4.022016e-03 3.206875e-03 8.504729e-03
<GCONST> -4.814323e+01
<MIXTURE> 7 1.250000e-01
<MEAN> 39
 2.009482e-01 6.886705e-02 1.183532e-01 -3.575684e-02 -1.880715e-01 -1.865580e-01 -9.493820e-02 -2.038001e-02 -9.431595e-03 7.291749e-03 -3.766205e-02 -2.466395e-02 3.488180e-01 -6.201212e-02 -2.623745e-02 -1.943770e-02 -4.915774e-02 1.067143e-02 3.328752e-02 2.019976e-02 9.484866e-03 8.057183e-03 1.295968e-02 1.728804e-02 1.072551e-02 6.128651e-02 -2.037210e-02 -6.196230e-03 -5.865402e-03 -3.892914e-03 5.664841e-03 1.017823e-02 5.830944e-03 -5.384441e-05 -6.828188e-04 3.959183e-03 6.973121e-03 1.993548e-03 2.904264e-03
<VARIANCE> 39
 5.500271e-01 5.107128e-01 5.958481e-01 5.139167e-01 5.962669e-01 5.155847e-01 4.079687e-01 4.450045e-01 3.729080e-01 2.913875e-01 2.317890e-01 1.883199e-01 5.822852e-01 6.736767e-02 4.209058e-02 4.182074e-02 4.275642e-02 5.143606e-02 4.310510e-02 3.696573e-02 4.109139e-02 3.466024e-02 2.705551e-02 2.278845e-02 1.893129e-02 5.022697e-02 7.129962e-03 7.165651e-03 5.949792e-03 7.214124e-03 8.415450e-03 6.985565e-03 6.082359e-03 7.553400e-03 6.123984e-03 5.012940e-03 4.022016e-03 3.206875e-03 8.504729e-03
<GCONST> -4.814323e+01
<MIXTURE> 8 1.250000e-01
<MEAN> 39
 2.009482e-01 6.886705e-02 1.183532e-01 -3.575684e-02 -1.880715e-01 -1.865580e-01 -9.493820e-02 -2.038001e-02 -9.431595e-03 7.291749e-03 -3.766205e-02 -2.466395e-02 3.488180e-01 -6.201212e-02 -2.623745e-02 -1.943770e-02 -4.915774e-02 1.067143e-02 3.328752e-02 2.019976e-02 9.484866e-03 8.057183e-03 1.295968e-02 1.728804e-02 1.072551e-02 6.128651e-02 -2.037210e-02 -6.196230e-03 -5.865402e-03 -3.892914e-03 5.664841e-03 1.017823e-02 5.830944e-03 -5.384441e-05 -6.828188e-04 3.959183e-03 6.973121e-03 1.993548e-03 2.904264e-03
<VARIANCE> 39
 5.500271e-01 5.107128e-01 5.958481e-01 5.139167e-01 5.962669e-01 5.155847e-01 4.079687e-01 4.450045e-01 3.729080e-01 2.913875e-01 2.317890e-01 1.883199e-01 5.822852e-01 6.736767e-02 4.209058e-02 4.182074e-02 4.275642e-02 5.143606e-02 4.310510e-02 3.696573e-02 4.109139e-02 3.466024e-02 2.705551e-02 2.278845e-02 1.893129e-02 5.022697e-02 7.129962e-03 7.165651e-03 5.949792e-03 7.214124e-03 8.415450e-03 6.985565e-03 6.082359e-03 7.553400e-03 6.123984e-03 5.012940e-03 4.022016e-03 3.206875e-03 8.504729e-03
<GCONST> -4.814323e+01
<STATE> 3
<NUMMIXES> 8
<MIXTURE> 1 1.250000e-01
<MEAN> 39
 -6.043813e-02 -6.870978e-02 -1.807606e-02 -2.522165e-01 -1.500152e-01 4.449478e-02 1.227391e-02 -4.756308e-03 2.407346e-02 2.770399e-02 5.321974e-02 1.580975e-02 6.402956e-01 -2.476980e-03 3.074768e-03 1.919518e-03 4.966188e-03 3.606557e-04 -2.053480e-04 -1.643284e-03 -4.085181e-04 -1.591521e-03 -4.776978e-04 2.140841e-03 9.229643e-04 -1.523956e-02 1.983190e-02 8.672238e-03 6.059619e-03 1.365043e-02 -7.002400e-04 -1.087184e-02 -6.649384e-03 -2.058096e-03 -1.838121e-03 -4.083255e-03 -6.401051e-03 -2.781256e-03 -1.704220e-02
<VARIANCE> 39
 1.127353e+00 6.279228e-01 7.693696e-01 6.598818e-01 7.324731e-01 6.226414e-01 4.965175e-01 4.660202e-01 3.565254e-01 2.764111e-01 2.303497e-01 1.912203e-01 4.006179e-01 1.805210e-02 1.808775e-02 1.824091e-02 2.010479e-02 2.176426e-02 2.172359e-02 2.031896e-02 2.147347e-02 1.863480e-02 1.536387e-02 1.279813e-02 9.897888e-03 1.660826e-02 5.763249e-03 3.895008e-03 3.816782e-03 4.503882e-03 5.144585e-03 4.521093e-03 4.380659e-03 4.810126e-03 4.008367e-03 3.270525e-03 2.691464e-03 2.193295e-03 3.142510e-03
<GCONST> -6.266825e+01
<MIXTURE> 2 1.250000e-01
<MEAN> 39
 -6.043813e-02 -6.870978e-02 -1.807606e-02 -2.522165e-01 -1.500152e-01 4.449478e-02 1.227391e-02 -4.756308e-03 2.407346e-02 2.770399e-02 5.321974e-02 1.580975e-02 6.402956e-01 -2.476980e-03 3.074768e-03 1.919518e-03 4.966188e-03 3.606557e-04 -2.053480e-04 -1.643284e-03 -4.085181e-04 -1.591521e-03 -4.776978e-04 2.140841e-03 9.229643e-04 -1.523956e-02 1.983190e-02 8.672238e-03 6.059619e-03 1.365043e-02 -7.002400e-04 -1.087184e-02 -6.649384e-03 -2.058096e-03 -1.838121e-03 -4.083255e-03 -6.401051e-03 -2.781256e-03 -1.704220e-02
<VARIANCE> 39
 1.127353e+00 6.279228e-01 7.693696e-01 6.598818e-01 7.324731e-01 6.226414e-01 4.965175e-01 4.660202e-01 3.565254e-01 2.764111e-01 2.303497e-01 1.912203e-01 4.006179e-01 1.805210e-02 1.808775e-02 1.824091e-02 2.010479e-02 2.176426e-02 2.172359e-02 2.031896e-02 2.147347e-02 1.863480e-02 1.536387e-02 1.279813e-02 9.897888e-03 1.660826e-02 5.763249e-03 3.895008e-03 3.816782e-03 4.503882e-03 5.144585e-03 4.521093e-03 4.380659e-03 4.810126e-03 4.008367e-03 3.270525e-03 2.691464e-03 2.193295e-03 3.142510e-03
<GCONST> -6.266825e+01
<MIXTURE> 3 1.250000e-01
<MEAN> 39
 -6.043813e-02 -6.870978e-02 -1.807606e-02 -2.522165e-01 -1.500152e-01 4.449478e-02 1.227391e-02 -4.756308e-03 2.407346e-02 2.770399e-02 5.321974e-02 1.580975e-02 6.402956e-01 -2.476980e-03 3.074768e-03 1.919518e-03 4.966188e-03 3.606557e-04 -2.053480e-04 -1.643284e-03 -4.085181e-04 -1.591521e-03 -4.776978e-04 2.140841e-03 9.229643e-04 -1.523956e-02 1.983190e-02 8.672238e-03 6.059619e-03 1.365043e-02 -7.002400e-04 -1.087184e-02 -6.649384e-03 -2.058096e-03 -1.838121e-03 -4.083255e-03 -6.401051e-03 -2.781256e-03 -1.704220e-02
<VARIANCE> 39
 1.127353e+00 6.279228e-01 7.693696e-01 6.598818e-01 7.324731e-01 6.226414e-01 4.965175e-01 4.660202e-01 3.565254e-01 2.764111e-01 2.303497e-01 1.912203e-01 4.006179e-01 1.805210e-02 1.808775e-02 1.824091e-02 2.010479e-02 2.176426e-02 2.172359e-02 2.031896e-02 2.147347e-02 1.863480e-02 1.536387e-02 1.279813e-02 9.897888e-03 1.660826e-02 5.763249e-03 3.895008e-03 3.816782e-03 4.503882e-03 5.144585e-03 4.521093e-03 4.380659e-03 4.810126e-03 4.008367e-03 3.270525e-03 2.691464e-03 2.193295e-03 3.142510e-03
<GCONST> -6.266825e+01
<MIXTURE> 4 1.250000e-01
<MEAN> 39
 -6.043813e-02 -6.870978e-02 -1.807606e-02 -2.522165e-01 -1.500152e-01 4.449478e-02 1.227391e-02 -4.756308e-03 2.407346e-02 2.770399e-02 5.321974e-02 1.580975e-02 6.402956e-01 -2.476980e-03 3.074768e-03 1.919518e-03 4.966188e-03 3.606557e-04 -2.053480e-04 -1.643284e-03 -4.085181e-04 -1.591521e-03 -4.776978e-04 2.140841e-03 9.229643e-04 -1.523956e-02 1.983190e-02 8.672238e-03 6.059619e-03 1.365043e-02 -7.002400e-04 -1.087184e-02 -6.649384e-03 -2.058096e-03 -1.838121e-03 -4.083255e-03 -6.401051e-03 -2.781256e-03 -1.704220e-02
<VARIANCE> 39
 1.127353e+00 6.279228e-01 7.693696e-01 6.598818e-01 7.324731e-01 6.226414e-01 4.965175e-01 4.660202e-01 3.565254e-01 2.764111e-01 2.303497e-01 1.912203e-01 4.006179e-01 1.805210e-02 1.808775e-02 1.824091e-02 2.010479e-02 2.176426e-02 2.172359e-02 2.031896e-02 2.147347e-02 1.863480e-02 1.536387e-02 1.279813e-02 9.897888e-03 1.660826e-02 5.763249e-03 3.895008e-03 3.816782e-03 4.503882e-03 5.144585e-03 4.521093e-03 4.380659e-03 4.810126e-03 4.008367e-03 3.270525e-03 2.691464e-03 2.193295e-03 3.142510e-03
<GCONST> -6.266825e+01
<MIXTURE> 5 1.250000e-01
<MEAN> 39
 -6.043813e-02 -6.870978e-02 -1.807606e-02 -2.522165e-01 -1.500152e-01 4.449478e-02 1.227391e-02 -4.756308e-03 2.407346e-02 2.770399e-02 5.321974e-02 1.580975e-02 6.402956e-01 -2.476980e-03 3.074768e-03 1.919518e-03 4.966188e-03 3.606557e-04 -2.053480e-04 -1.643284e-03 -4.085181e-04 -1.591521e-03 -4.776978e-04 2.140841e-03 9.229643e-04 -1.523956e-02 1.983190e-02 8.672238e-03 6.059619e-03 1.365043e-02 -7.002400e-04 -1.087184e-02 -6.649384e-03 -2.058096e-03 -1.838121e-03 -4.083255e-03 -6.401051e-03 -2.781256e-03 -1.704220e-02
<VARIANCE> 39
 1.127353e+00 6.279228e-01 7.693696e-01 6.598818e-01 7.324731e-01 6.226414e-01 4.965175e-01 4.660202e-01 3.565254e-01 2.764111e-01 2.303497e-01 1.912203e-01 4.006179e-01 1.805210e-02 1.808775e-02 1.824091e-02 2.010479e-02 2.176426e-02 2.172359e-02 2.031896e-02 2.147347e-02 1.863480e-02 1.536387e-02 1.279813e-02 9.897888e-03 1.660826e-02 5.763249e-03 3.895008e-03 3.816782e-03 4.503882e-03 5.144585e-03 4.521093e-03 4.380659e-03 4.810126e-03 4.008367e-03 3.270525e-03 2.691464e-03 2.193295e-03 3.142510e-03
<GCONST> -6.266825e+01
<MIXTURE> 6 1.250000e-01
<MEAN> 39
 -6.043813e-02 -6.870978e-02 -1.807606e-02 -2.522165e-01 -1.500152e-01 4.449478e-02 1.227391e-02 -4.756308e-03 2.407346e-02 2.770399e-02 5.321974e-02 1.580975e-02 6.402956e-01 -2.476980e-03 3.074768e-03 1.919518e-03 4.966188e-03 3.606557e-04 -2.053480e-04 -1.643284e-03 -4.085181e-04 -1.591521e-03 -4.776978e-04 2.140841e-03 9.229643e-04 -1.523956e-02 1.983190e-02 8.672238e-03 6.059619e-03 1.365043e-02 -7.002400e-04 -1.087184e-02 -6.649384e-03 -2.058096e-03 -1.838121e-03 -4.083255e-03 -6.401051e-03 -2.781256e-03 -1.704220e-02
<VARIANCE> 39
 1.127353e+00 6.279228e-01 7.693696e-01 6.598818e-01 7.324731e-01 6.226414e-01 4.965175e-01 4.660202e-01 3.565254e-01 2.764111e-01 2.303497e-01 1.912203e-01 4.006179e-01 1.805210e-02 1.808775e-02 1.824091e-02 2.010479e-02 2.176426e-02 2.172359e-02 2.031896e-02 2.147347e-02 1.863480e-02 1.536387e-02 1.279813e-02 9.897888e-03 1.660826e-02 5.763249e-03 3.895008e-03 3.816782e-03 4.503882e-03 5.144585e-03 4.521093e-03 4.380659e-03 4.810126e-03 4.008367e-03 3.270525e-03 2.691464e-03 2.193295e-03 3.142510e-03
<GCONST> -6.266825e+01
<MIXTURE> 7 1.250000e-01
<MEAN> 39
 -6.043813e-02 -6.870978e-02 -1.807606e-02 -2.522165e-01 -1.500152e-01 4.449478e-02 1.227391e-02 -4.756308e-03 2.407346e-02 2.770399e-02 5.321974e-02 1.580975e-02 6.402956e-01 -2.476980e-03 3.074768e-03 1.919518e-03 4.966188e-03 3.606557e-04 -2.053480e-04 -1.643284e-03 -4.085181e-04 -1.591521e-03 -4.776978e-04 2.140841e-03 9.229643e-04 -1.523956e-02 1.983190e-02 8.672238e-03 6.059619e-03 1.365043e-02 -7.002400e-04 -1.087184e-02 -6.649384e-03 -2.058096e-03 -1.838121e-03 -4.083255e-03 -6.401051e-03 -2.781256e-03 -1.704220e-02
<VARIANCE> 39
 1.127353e+00 6.279228e-01 7.693696e-01 6.598818e-01 7.324731e-01 6.226414e-01 4.965175e-01 4.660202e-01 3.565254e-01 2.764111e-01 2.303497e-01 1.912203e-01 4.006179e-01 1.805210e-02 1.808775e-02 1.824091e-02 2.010479e-02 2.176426e-02 2.172359e-02 2.031896e-02 2.147347e-02 1.863480e-02 1.536387e-02 1.279813e-02 9.897888e-03 1.660826e-02 5.763249e-03 3.895008e-03 3.816782e-03 4.503882e-03 5.144585e-03 4.521093e-03 4.380659e-03 4.810126e-03 4.008367e-03 3.270525e-03 2.691464e-03 2.193295e-03 3.142510e-03
<GCONST> -6.266825e+01
<MIXTURE> 8 1.250000e-01
<MEAN> 39
 -6.043813e-02 -6.870978e-02 -1.807606e-02 -2.522165e-01 -1.500152e-01 4.449478e-02 1.227391e-02 -4.756308e-03 2.407346e-02 2.770399e-02 5.321974e-02 1.580975e-02 6.402956e-01 -2.476980e-03 3.074768e-03 1.919518e-03 4.966188e-03 3.606557e-04 -2.053480e-04 -1.643284e-03 -4.085181e-04 -1.591521e-03 -4.776978e-04 2.140841e-03 9.229643e-04 -1.523956e-02 1.983190e-02 8.672238e-03 6.059619e-03 1.365043e-02 -7.002400e-04 -1.087184e-02 -6.649384e-03 -2.058096e-03 -1.838121e-03 -4.083255e-03 -6.401051e-03 -2.781256e-03 -1.704220e-02
<VARIANCE> 39
 1.127353e+00 6.279228e-01 7.693696e-01 6.598818e-01 7.324731e-01 6.226414e-01 4.965175e-01 4.660202e-01 3.565254e-01 2.764111e-01 2.303497e-01 1.912203e-01 4.006179e-01 1.805210e-02 1.808775e-02 1.824091e-02 2.010479e-02 2.176426e-02 2.172359e-02 2.031896e-02 2.147347e-02 1.863480e-02 1.536387e-02 1.279813e-02 9.897888e-03 1.660826e-02 5.763249e-03 3.895008e-03 3.816782e-03 4.503882e-03 5.144585e-03 4.521093e-03 4.380659e-03 4.810126e-03 4.008367e-03 3.270525e-03 2.691464e-03 2.193295e-03 3.142510e-03
<GCONST> -6.266825e+01
<STATE> 4
<NUMMIXES> 8
<MIXTURE> 1 1.250000e-01
<MEAN> 39
 1.860425e-01 5.410594e-02 1.180756e-01 -3.671902e-02 -2.006363e-01 -2.021837e-01 -1.156690e-01 -3.505560e-02 -1.453881e-02 2.344336e-02 -9.679241e-03 -6.602095e-03 3.951731e-01 8.335484e-02 3.425552e-02 1.264571e-02 3.841415e-02 -6.626620e-03 -3.043901e-02 -2.769018e-02 -6.427959e-03 -3.587511e-03 -1.689867e-02 -2.260525e-02 -1.447194e-02 -4.244941e-02 -8.840428e-03 -1.859747e-03 -9.882902e-03 -7.243214e-03 7.194090e-03 1.283979e-02 5.822360e-03 1.454978e-03 1.172371e-03 4.388541e-04 2.089676e-03 -1.413499e-03 -2.991305e-03
<VARIANCE> 39
 6.577040e-01 4.195029e-01 6.095746e-01 5.218164e-01 5.969597e-01 5.368138e-01 4.607334e-01 4.655071e-01 4.166103e-01 3.148945e-01 2.524736e-01 2.045894e-01 4.049789e-01 6.365799e-02 4.029611e-02 3.996573e-02 4.652739e-02 5.247615e-02 4.451644e-02 3.890876e-02 4.523447e-02 3.703786e-02 2.867499e-02 2.256602e-02 1.853394e-02 4.386695e-02 6.569485e-03 5.006319e-03 5.293072e-03 6.003517e-03 7.038041e-03 6.521137e-03 6.287741e-03 7.044909e-03 6.300692e-03 5.229503e-03 4.176850e-03 3.274546e-03 4.127075e-03
<GCONST> -4.944358e+01
<MIXTURE> 2 1.250000e-01
<MEAN> 39
 1.860425e-01 5.410594e-02 1.180756e-01 -3.671902e-02 -2.006363e-01 -2.021837e-01 -1.156690e-01 -3.505560e-02 -1.453881e-02 2.344336e-02 -9.679241e-03 -6.602095e-03 3.951731e-01 8.335484e-02 3.425552e-02 1.264571e-02 3.841415e-02 -6.626620e-03 -3.043901e-02 -2.769018e-02 -6.427959e-03 -3.587511e-03 -1.689867e-02 -2.260525e-02 -1.447194e-02 -4.244941e-02 -8.840428e-03 -1.859747e-03 -9.882902e-03 -7.243214e-03 7.194090e-03 1.283979e-02 5.822360e-03 1.454978e-03 1.172371e-03 4.388541e-04 2.089676e-03 -1.413499e-03 -2.991305e-03
<VARIANCE> 39
 6.577040e-01 4.195029e-01 6.095746e-01 5.218164e-01 5.969597e-01 5.368138e-01 4.607334e-01 4.655071e-01 4.166103e-01 3.148945e-01 2.524736e-01 2.045894e-01 4.049789e-01 6.365799e-02 4.029611e-02 3.996573e-02 4.652739e-02 5.247615e-02 4.451644e-02 3.890876e-02 4.523447e-02 3.703786e-02 2.867499e-02 2.256602e-02 1.853394e-02 4.386695e-02 6.569485e-03 5.006319e-03 5.293072e-03 6.003517e-03 7.038041e-03 6.521137e-03 6.287741e-03 7.044909e-03 6.300692e-03 5.229503e-03 4.176850e-03 3.274546e-03 4.127075e-03
<GCONST> -4.944358e+01
<MIXTURE> 3 1.250000e-01
<MEAN> 39
 1.860425e-01 5.410594e-02 1.180756e-01 -3.671902e-02 -2.006363e-01 -2.021837e-01 -1.156690e-01 -3.505560e-02 -1.453881e-02 2.344336e-02 -9.679241e-03 -6.602095e-03 3.951731e-01 8.335484e-02 3.425552e-02 1.264571e-02 3.841415e-02 -6.626620e-03 -3.043901e-02 -2.769018e-02 -6.427959e-03 -3.587511e-03 -1.689867e-02 -2.260525e-02 -1.447194e-02 -4.244941e-02 -8.840428e-03 -1.859747e-03 -9.882902e-03 -7.243214e-03 7.194090e-03 1.283979e-02 5.822360e-03 1.454978e-03 1.172371e-03 4.388541e-04 2.089676e-03 -1.413499e-03 -2.991305e-03
<VARIANCE> 39
 6.577040e-01 4.195029e-01 6.095746e-01 5.218164e-01 5.969597e-01 5.368138e-01 4.607334e-01 4.655071e-01 4.166103e-01 3.148945e-01 2.524736e-01 2.045894e-01 4.049789e-01 6.365799e-02 4.029611e-02 3.996573e-02 4.652739e-02 5.247615e-02 4.451644e-02 3.890876e-02 4.523447e-02 3.703786e-02 2.867499e-02 2.256602e-02 1.853394e-02 4.386695e-02 6.569485e-03 5.006319e-03 5.293072e-03 6.003517e-03 7.038041e-03 6.521137e-03 6.287741e-03 7.044909e-03 6.300692e-03 5.229503e-03 4.176850e-03 3.274546e-03 4.127075e-03
<GCONST> -4.944358e+01
<MIXTURE> 4 1.250000e-01
<MEAN> 39
 1.860425e-01 5.410594e-02 1.180756e-01 -3.671902e-02 -2.006363e-01 -2.021837e-01 -1.156690e-01 -3.505560e-02 -1.453881e-02 2.344336e-02 -9.679241e-03 -6.602095e-03 3.951731e-01 8.335484e-02 3.425552e-02 1.264571e-02 3.841415e-02 -6.626620e-03 -3.043901e-02 -2.769018e-02 -6.427959e-03 -3.587511e-03 -1.689867e-02 -2.260525e-02 -1.447194e-02 -4.244941e-02 -8.840428e-03 -1.859747e-03 -9.882902e-03 -7.243214e-03 7.194090e-03 1.283979e-02 5.822360e-03 1.454978e-03 1.172371e-03 4.388541e-04 2.089676e-03 -1.413499e-03 -2.991305e-03
<VARIANCE> 39
 6.577040e-01 4.195029e-01 6.095746e-01 5.218164e-01 5.969597e-01 5.368138e-01 4.607334e-01 4.655071e-01 4.166103e-01 3.148945e-01 2.524736e-01 2.045894e-01 4.049789e-01 6.365799e-02 4.029611e-02 3.996573e-02 4.652739e-02 5.247615e-02 4.451644e-02 3.890876e-02 4.523447e-02 3.703786e-02 2.867499e-02 2.256602e-02 1.853394e-02 4.386695e-02 6.569485e-03 5.006319e-03 5.293072e-03 6.003517e-03 7.038041e-03 6.521137e-03 6.287741e-03 7.044909e-03 6.300692e-03 5.229503e-03 4.176850e-03 3.274546e-03 4.127075e-03
<GCONST> -4.944358e+01
<MIXTURE> 5 1.250000e-01
<MEAN> 39
 1.860425e-01 5.410594e-02 1.180756e-01 -3.671902e-02 -2.006363e-01 -2.021837e-01 -1.156690e-01 -3.505560e-02 -1.453881e-02 2.344336e-02 -9.679241e-03 -6.602095e-03 3.951731e-01 8.335484e-02 3.425552e-02 1.264571e-02 3.841415e-02 -6.626620e-03 -3.043901e-02 -2.769018e-02 -6.427959e-03 -3.587511e-03 -1.689867e-02 -2.260525e-02 -1.447194e-02 -4.244941e-02 -8.840428e-03 -1.859747e-03 -9.882902e-03 -7.243214e-03 7.194090e-03 1.283979e-02 5.822360e-03 1.454978e-03 1.172371e-03 4.388541e-04 2.089676e-03 -1.413499e-03 -2.991305e-03
<VARIANCE> 39
 6.577040e-01 4.195029e-01 6.095746e-01 5.218164e-01 5.969597e-01 5.368138e-01 4.607334e-01 4.655071e-01 4.166103e-01 3.148945e-01 2.524736e-01 2.045894e-01 4.049789e-01 6.365799e-02 4.029611e-02 3.996573e-02 4.652739e-02 5.247615e-02 4.451644e-02 3.890876e-02 4.523447e-02 3.703786e-02 2.867499e-02 2.256602e-02 1.853394e-02 4.386695e-02 6.569485e-03 5.006319e-03 5.293072e-03 6.003517e-03 7.038041e-03 6.521137e-03 6.287741e-03 7.044909e-03 6.300692e-03 5.229503e-03 4.176850e-03 3.274546e-03 4.127075e-03
<GCONST> -4.944358e+01
<MIXTURE> 6 1.250000e-01
<MEAN> 39
 1.860425e-01 5.410594e-02 1.180756e-01 -3.671902e-02 -2.006363e-01 -2.021837e-01 -1.156690e-01 -3.505560e-02 -1.453881e-02 2.344336e-02 -9.679241e-03 -6.602095e-03 3.951731e-01 8.335484e-02 3.425552e-02 1.264571e-02 3.841415e-02 -6.626620e-03 -3.043901e-02 -2.769018e-02 -6.427959e-03 -3.587511e-03 -1.689867e-02 -2.260525e-02 -1.447194e-02 -4.244941e-02 -8.840428e-03 -1.859747e-03 -9.882902e-03 -7.243214e-03 7.194090e-03 1.283979e-02 5.822360e-03 1.454978e-03 1.172371e-03 4.388541e-04 2.089676e-03 -1.413499e-03 -2.991305e-03
<VARIANCE> 39
 6.577040e-01 4.195029e-01 6.095746e-01 5.218164e-01 5.969597e-01 5.368138e-01 4.607334e-01 4.655071e-01 4.166103e-01 3.148945e-01 2.524736e-01 2.045894e-01 4.049789e-01 6.365799e-02 4.029611e-02 3.996573e-02 4.652739e-02 5.247615e-02 4.451644e-02 3.890876e-02 4.523447e-02 3.703786e-02 2.867499e-02 2.256602e-02 1.853394e-02 4.386695e-02 6.569485e-03 5.006319e-03 5.293072e-03 6.003517e-03 7.038041e-03 6.521137e-03 6.287741e-03 7.044909e-03 6.300692e-03 5.229503e-03 4.176850e-03 3.274546e-03 4.127075e-03
<GCONST> -4.944358e+01
<MIXTURE> 7 1.250000e-01
<MEAN> 39
 1.860425e-01 5.410594e-02 1.180756e-01 -3.671902e-02 -2.006363e-01 -2.021837e-01 -1.156690e-01 -3.505560e-02 -1.453881e-02 2.344336e-02 -9.679241e-03 -6.602095e-03 3.951731e-01 8.335484e-02 3.425552e-02 1.264571e-02 3.841415e-02 -6.626620e-03 -3.043901e-02 -2.769018e-02 -6.427959e-03 -3.587511e-03 -1.689867e-02 -2.260525e-02 -1.447194e-02 -4.244941e-02 -8.840428e-03 -1.859747e-03 -9.882902e-03 -7.243214e-03 7.194090e-03 1.283979e-02 5.822360e-03 1.454978e-03 1.172371e-03 4.388541e-04 2.089676e-03 -1.413499e-03 -2.991305e-03
<VARIANCE> 39
 6.577040e-01 4.195029e-01 6.095746e-01 5.218164e-01 5.969597e-01 5.368138e-01 4.607334e-01 4.655071e-01 4.166103e-01 3.148945e-01 2.524736e-01 2.045894e-01 4.049789e-01 6.365799e-02 4.029611e-02 3.996573e-02 4.652739e-02 5.247615e-02 4.451644e-02 3.890876e-02 4.523447e-02 3.703786e-02 2.867499e-02 2.256602e-02 1.853394e-02 4.386695e-02 6.569485e-03 5.006319e-03 5.293072e-03 6.003517e-03 7.038041e-03 6.521137e-03 6.287741e-03 7.044909e-03 6.300692e-03 5.229503e-03 4.176850e-03 3.274546e-03 4.127075e-03
<GCONST> -4.944358e+01
<MIXTURE> 8 1.250000e-01
<MEAN> 39
 1.860425e-01 5.410594e-02 1.180756e-01 -3.671902e-02 -2.006363e-01 -2.021837e-01 -1.156690e-01 -3.505560e-02 -1.453881e-02 2.344336e-02 -9.679241e-03 -6.602095e-03 3.951731e-01 8.335484e-02 3.425552e-02 1.264571e-02 3.841415e-02 -6.626620e-03 -3.043901e-02 -2.769018e-02 -6.427959e-03 -3.587511e-03 -1.689867e-02 -2.260525e-02 -1.447194e-02 -4.244941e-02 -8.840428e-03 -1.859747e-03 -9.882902e-03 -7.243214e-03 7.194090e-03 1.283979e-02 5.822360e-03 1.454978e-03 1.172371e-03 4.388541e-04 2.089676e-03 -1.413499e-03 -2.991305e-03
<VARIANCE> 39
 6.577040e-01 4.195029e-01 6.095746e-01 5.218164e-01 5.969597e-01 5.368138e-01 4.607334e-01 4.655071e-01 4.166103e-01 3.148945e-01 2.524736e-01 2.045894e-01 4.049789e-01 6.365799e-02 4.029611e-02 3.996573e-02 4.652739e-02 5.247615e-02 4.451644e-02 3.890876e-02 4.523447e-02 3.703786e-02 2.867499e-02 2.256602e-02 1.853394e-02 4.386695e-02 6.569485e-03 5.006319e-03 5.293072e-03 6.003517e-03 7.038041e-03 6.521137e-03 6.287741e-03 7.044909e-03 6.300692e-03 5.229503e-03 4.176850e-03 3.274546e-03 4.127075e-03
<GCONST> -4.944358e+01
<TRANSP> 5
 0.000000e+00 1.000000e+00 0.000000e+00 0.000000e+00 0.000000e+00
 0.000000e+00 4.523721e-01 5.476279e-01 0.000000e+00 0.000000e+00
 0.000000e+00 0.000000e+00 6.834682e-01 3.165318e-01 0.000000e+00
 0.000000e+00 0.000000e+00 0.000000e+00 4.264094e-01 5.735906e-01
 0.000000e+00 0.000000e+00 0.000000e+00 0.000000e+00 0.000000e+00
<ENDHMM>