~o
<STREAMINFO> 1 39
<VECSIZE> 39<NULLD><PLP_D_A_Z_0><DIAGC>
~h "gss3"
<BEGINHMM>
<NUMSTATES> 11
<STATE> 2
<NUMMIXES> 8
<MIXTURE> 1 1.250000e-01
<MEAN> 39
 -1.640156e-02 2.241547e-01 6.425797e-02 1.234414e-01 4.214067e-03 -1.568896e-01 -7.384087e-02 -1.721835e-01 -7.856530e-02 3.663476e-02 -1.041987e-02 4.778638e-03 2.621088e-02 2.992600e-03 -7.636672e-02 -2.727986e-02 -1.011081e-01 -4.254984e-02 6.255694e-04 9.711697e-04 4.178704e-02 2.752521e-02 1.624974e-02 2.627985e-02 1.478122e-02 1.783148e-01 6.473248e-03 -1.796395e-02 -4.066304e-03 -2.077804e-02 -1.345570e-02 1.155739e-02 3.593140e-03 1.863340e-02 9.460965e-03 2.282650e-03 2.444062e-03 -2.667930e-03 1.957144e-02
<VARIANCE> 39
 7.967653e-01 4.843221e-01 5.586097e-01 4.719584e-01 5.284378e-01 4.639950e-01 4.222184e-01 3.944807e-01 3.598054e-01 2.869780e-01 2.151672e-01 1.706256e-01 4.658965e-01 8.954706e-02 4.967037e-02 5.190484e-02 5.438754e-02 6.521901e-02 5.388010e-02 4.498748e-02 4.806955e-02 4.044752e-02 3.305896e-02 2.577410e-02 2.045514e-02 6.462886e-02 9.767266e-03 8.067936e-03 7.472415e-03 7.857488e-03 9.285501e-03 8.488835e-03 7.529042e-03 7.923533e-03 6.995508e-03 5.926468e-03 4.597347e-03 3.528466e-03 8.923260e-03
<GCONST> -4.432793e+01
<MIXTURE> 2 1.250000e-01
<MEAN> 39
 -1.640156e-02 2.241547e-01 6.425797e-02 1.234414e-01 4.214067e-03 -1.568896e-01 -7.384087e-02 -1.721835e-01 -7.856530e-02 3.663476e-02 -1.041987e-02 4.778638e-03 2.621088e-02 2.992600e-03 -7.636672e-02 -2.727986e-02 -1.011081e-01 -4.254984e-02 6.255694e-04 9.711697e-04 4.178704e-02 2.752521e-02 1.624974e-02 2.627985e-02 1.478122e-02 1.783148e-01 6.473248e-03 -1.796395e-02 -4.066304e-03 -2.077804e-02 -1.345570e-02 1.155739e-02 3.593140e-03 1.863340e-02 9.460965e-03 2.282650e-03 2.444062e-03 -2.667930e-03 1.957144e-02
<VARIANCE> 39
 7.967653e-01 4.843221e-01 5.586097e-01 4.719584e-01 5.284378e-01 4.639950e-01 4.222184e-01 3.944807e-01 3.598054e-01 2.869780e-01 2.151672e-01 1.706256e-01 4.658965e-01 8.954706e-02 4.967037e-02 5.190484e-02 5.438754e-02 6.521901e-02 5.388010e-02 4.498748e-02 4.806955e-02 4.044752e-02 3.305896e-02 2.577410e-02 2.045514e-02 6.462886e-02 9.767266e-03 8.067936e-03 7.472415e-03 7.857488e-03 9.285501e-03 8.488835e-03 7.529042e-03 7.923533e-03 6.995508e-03 5.926468e-03 4.597347e-03 3.528466e-03 8.923260e-03
<GCONST> -4.432793e+01
<MIXTURE> 3 1.250000e-01
<MEAN> 39
 -1.640156e-02 2.241547e-01 6.425797e-02 1.234414e-01 4.214067e-03 -1.568896e-01 -7.384087e-02 -1.721835e-01 -7.856530e-02 3.663476e-02 -1.041987e-02 4.778638e-03 2.621088e-02 2.992600e-03 -7.636672e-02 -2.727986e-02 -1.011081e-01 -4.254984e-02 6.255694e-04 9.711697e-04 4.178704e-02 2.752521e-02 1.624974e-02 2.627985e-02 1.478122e-02 1.783148e-01 6.473248e-03 -1.796395e-02 -4.066304e-03 -2.077804e-02 -1.345570e-02 1.155739e-02 3.593140e-03 1.863340e-02 9.460965e-03 2.282650e-03 2.444062e-03 -2.667930e-03 1.957144e-02
<VARIANCE> 39
 7.967653e-01 4.843221e-01 5.586097e-01 4.719584e-01 5.284378e-01 4.639950e-01 4.222184e-01 3.944807e-01 3.598054e-01 2.869780e-01 2.151672e-01 1.706256e-01 4.658965e-01 8.954706e-02 4.967037e-02 5.190484e-02 5.438754e-02 6.521901e-02 5.388010e-02 4.498748e-02 4.806955e-02 4.044752e-02 3.305896e-02 2.577410e-02 2.045514e-02 6.462886e-02 9.767266e-03 8.067936e-03 7.472415e-03 7.857488e-03 9.285501e-03 8.488835e-03 7.529042e-03 7.923533e-03 6.995508e-03 5.926468e-03 4.597347e-03 3.528466e-03 8.923260e-03
<GCONST> -4.432793e+01
<MIXTURE> 4 1.250000e-01
<MEAN> 39
 -1.640156e-02 2.241547e-01 6.425797e-02 1.234414e-01 4.214067e-03 -1.568896e-01 -7.384087e-02 -1.721835e-01 -7.856530e-02 3.663476e-02 -1.041987e-02 4.778638e-03 2.621088e-02 2.992600e-03 -7.636672e-02 -2.727986e-02 -1.011081e-01 -4.254984e-02 6.255694e-04 9.711697e-04 4.178704e-02 2.752521e-02 1.624974e-02 2.627985e-02 1.478122e-02 1.783148e-01 6.473248e-03 -1.796395e-02 -4.066304e-03 -2.077804e-02 -1.345570e-02 1.155739e-02 3.593140e-03 1.863340e-02 9.460965e-03 2.282650e-03 2.444062e-03 -2.667930e-03 1.957144e-02
<VARIANCE> 39
 7.967653e-01 4.843221e-01 5.586097e-01 4.719584e-01 5.284378e-01 4.639950e-01 4.222184e-01 3.944807e-01 3.598054e-01 2.869780e-01 2.151672e-01 1.706256e-01 4.658965e-01 8.954706e-02 4.967037e-02 5.190484e-02 5.438754e-02 6.521901e-02 5.388010e-02 4.498748e-02 4.806955e-02 4.044752e-02 3.305896e-02 2.577410e-02 2.045514e-02 6.462886e-02 9.767266e-03 8.067936e-03 7.472415e-03 7.857488e-03 9.285501e-03 8.488835e-03 7.529042e-03 7.923533e-03 6.995508e-03 5.926468e-03 4.597347e-03 3.528466e-03 8.923260e-03
<GCONST> -4.432793e+01
<MIXTURE> 5 1.250000e-01
<MEAN> 39
 -1.640156e-02 2.241547e-01 6.425797e-02 1.234414e-01 4.214067e-03 -1.568896e-01 -7.384087e-02 -1.721835e-01 -7.856530e-02 3.663476e-02 -1.041987e-02 4.778638e-03 2.621088e-02 2.992600e-03 -7.636672e-02 -2.727986e-02 -1.011081e-01 -4.254984e-02 6.255694e-04 9.711697e-04 4.178704e-02 2.752521e-02 1.624974e-02 2.627985e-02 1.478122e-02 1.783148e-01 6.473248e-03 -1.796395e-02 -4.066304e-03 -2.077804e-02 -1.345570e-02 1.155739e-02 3.593140e-03 1.863340e-02 9.460965e-03 2.282650e-03 2.444062e-03 -2.667930e-03 1.957144e-02
<VARIANCE> 39
 7.967653e-01 4.843221e-01 5.586097e-01 4.719584e-01 5.284378e-01 4.639950e-01 4.222184e-01 3.944807e-01 3.598054e-01 2.869780e-01 2.151672e-01 1.706256e-01 4.658965e-01 8.954706e-02 4.967037e-02 5.190484e-02 5.438754e-02 6.521901e-02 5.388010e-02 4.498748e-02 4.806955e-02 4.044752e-02 3.305896e-02 2.577410e-02 2.045514e-02 6.462886e-02 9.767266e-03 8.067936e-03 7.472415e-03 7.857488e-03 9.285501e-03 8.488835e-03 7.529042e-03 7.923533e-03 6.995508e-03 5.926468e-03 4.597347e-03 3.528466e-03 8.923260e-03
<GCONST> -4.432793e+01
<MIXTURE> 6 1.250000e-01
<MEAN> 39
 -1.640156e-02 2.241547e-01 6.425797e-02 1.234414e-01 4.214067e-03 -1.568896e-01 -7.384087e-02 -1.721835e-01 -7.856530e-02 3.663476e-02 -1.041987e-02 4.778638e-03 2.621088e-02 2.992600e-03 -7.636672e-02 -2.727986e-02 -1.011081e-01 -4.254984e-02 6.255694e-04 9.711697e-04 4.178704e-02 2.752521e-02 1.624974e-02 2.627985e-02 1.478122e-02 1.783148e-01 6.473248e-03 -1.796395e-02 -4.066304e-03 -2.077804e-02 -1.345570e-02 1.155739e-02 3.593140e-03 1.863340e-02 9.460965e-03 2.282650e-03 2.444062e-03 -2.667930e-03 1.957144e-02
<VARIANCE> 39
 7.967653e-01 4.843221e-01 5.586097e-01 4.719584e-01 5.284378e-01 4.639950e-01 4.222184e-01 3.944807e-01 3.598054e-01 2.869780e-01 2.151672e-01 1.706256e-01 4.658965e-01 8.954706e-02 4.967037e-02 5.190484e-02 5.438754e-02 6.521901e-02 5.388010e-02 4.498748e-02 4.806955e-02 4.044752e-02 3.305896e-02 2.577410e-02 2.045514e-02 6.462886e-02 9.767266e-03 8.067936e-03 7.472415e-03 7.857488e-03 9.285501e-03 8.488835e-03 7.529042e-03 7.923533e-03 6.995508e-03 5.926468e-03 4.597347e-03 3.528466e-03 8.923260e-03
<GCONST> -4.432793e+01
<MIXTURE> 7 1.250000e-01
<MEAN> 39
 -1.640156e-02 2.241547e-01 6.425797e-02 1.234414e-01 4.214067e-03 -1.568896e-01 -7.384087e-02 -1.721835e-01 -7.856530e-02 3.663476e-02 -1.041987e-02 4.778638e-03 2.621088e-02 2.992600e-03 -7.636672e-02 -2.727986e-02 -1.011081e-01 -4.254984e-02 6.255694e-04 9.711697e-04 4.178704e-02 2.752521e-02 1.624974e-02 2.627985e-02 1.478122e-02 1.783148e-01 6.473248e-03 -1.796395e-02 -4.066304e-03 -2.077804e-02 -1.345570e-02 1.155739e-02 3.593140e-03 1.863340e-02 9.460965e-03 2.282650e-03 2.444062e-03 -2.667930e-03 1.957144e-02
<VARIANCE> 39
 7.967653e-01 4.843221e-01 5.586097e-01 4.719584e-01 5.284378e-01 4.639950e-01 4.222184e-01 3.944807e-01 3.598054e-01 2.869780e-01 2.151672e-01 1.706256e-01 4.658965e-01 8.954706e-02 4.967037e-02 5.190484e-02 5.438754e-02 6.521901e-02 5.388010e-02 4.498748e-02 4.806955e-02 4.044752e-02 3.305896e-02 2.577410e-02 2.045514e-02 6.462886e-02 9.767266e-03 8.067936e-03 7.472415e-03 7.857488e-03 9.285501e-03 8.488835e-03 7.529042e-03 7.923533e-03 6.995508e-03 5.926468e-03 4.597347e-03 3.528466e-03 8.923260e-03
<GCONST> -4.432793e+01
<MIXTURE> 8 1.250000e-01
<MEAN> 39
 -1.640156e-02 2.241547e-01 6.425797e-02 1.234414e-01 4.214067e-03 -1.568896e-01 -7.384087e-02 -1.721835e-01 -7.856530e-02 3.663476e-02 -1.041987e-02 4.778638e-03 2.621088e-02 2.992600e-03 -7.636672e-02 -2.727986e-02 -1.011081e-01 -4.254984e-02 6.255694e-04 9.711697e-04 4.178704e-02 2.752521e-02 1.624974e-02 2.627985e-02 1.478122e-02 1.783148e-01 6.473248e-03 -1.796395e-02 -4.066304e-03 -2.077804e-02 -1.345570e-02 1.155739e-02 3.593140e-03 1.863340e-02 9.460965e-03 2.282650e-03 2.444062e-03 -2.667930e-03 1.957144e-02
<VARIANCE> 39
 7.967653e-01 4.843221e-01 5.586097e-01 4.719584e-01 5.284378e-01 4.639950e-01 4.222184e-01 3.944807e-01 3.598054e-01 2.869780e-01 2.151672e-01 1.706256e-01 4.658965e-01 8.954706e-02 4.967037e-02 5.190484e-02 5.438754e-02 6.521901e-02 5.388010e-02 4.498748e-02 4.806955e-02 4.044752e-02 3.305896e-02 2.577410e-02 2.045514e-02 6.462886e-02 9.767266e-03 8.067936e-03 7.472415e-03 7.857488e-03 9.285501e-03 8.488835e-03 7.529042e-03 7.923533e-03 6.995508e-03 5.926468e-03 4.597347e-03 3.528466e-03 8.923260e-03
<GCONST> -4.432793e+01
<STATE> 3
<NUMMIXES> 8
<MIXTURE> 1 1.250000e-01
<MEAN> 39
 -2.733497e-01 -4.197216e-02 -7.076729e-02 -2.613637e-01 -6.440696e-02 -5.107994e-02 5.000448e-02 3.651443e-02 3.351632e-02 1.016376e-01 8.535537e-02 6.938852e-02 5.559620e-01 5.177396e-02 -9.982392e-02 -2.504770e-02 -1.034610e-01 -5.768907e-02 3.635738e-02 1.333385e-02 6.980363e-02 3.568128e-02 1.739327e-03 8.638231e-03 -6.996870e-03 1.497716e-01 1.911961e-02 8.512448e-03 4.864053e-03 2.608557e-02 9.870004e-03 8.529351e-03 -2.733945e-03 -9.818085e-03 -6.395304e-03 -1.042188e-02 -1.090707e-02 -8.634463e-03 -3.815642e-02
<VARIANCE> 39
 1.249941e+00 4.714849e-01 6.671682e-01 5.103191e-01 6.401016e-01 5.133353e-01 4.592948e-01 3.989993e-01 3.363589e-01 2.921770e-01 2.134082e-01 1.745284e-01 2.454952e-01 6.526187e-02 3.675766e-02 3.766736e-02 3.672719e-02 4.415905e-02 4.368052e-02 3.680947e-02 3.871612e-02 3.270481e-02 2.732773e-02 2.166186e-02 1.734776e-02 2.731984e-02 1.136096e-02 6.143731e-03 6.145695e-03 6.652202e-03 7.921062e-03 7.217920e-03 6.645344e-03 6.976913e-03 5.958562e-03 5.264588e-03 4.044179e-03 3.130371e-03 5.404072e-03
<GCONST> -4.997093e+01
<MIXTURE> 2 1.250000e-01
<MEAN> 39
 -2.733497e-01 -4.197216e-02 -7.076729e-02 -2.613637e-01 -6.440696e-02 -5.107994e-02 5.000448e-02 3.651443e-02 3.351632e-02 1.016376e-01 8.535537e-02 6.938852e-02 5.559620e-01 5.177396e-02 -9.982392e-02 -2.504770e-02 -1.034610e-01 -5.768907e-02 3.635738e-02 1.333385e-02 6.980363e-02 3.568128e-02 1.739327e-03 8.638231e-03 -6.996870e-03 1.497716e-01 1.911961e-02 8.512448e-03 4.864053e-03 2.608557e-02 9.870004e-03 8.529351e-03 -2.733945e-03 -9.818085e-03 -6.395304e-03 -1.042188e-02 -1.090707e-02 -8.634463e-03 -3.815642e-02
<VARIANCE> 39
 1.249941e+00 4.714849e-01 6.671682e-01 5.103191e-01 6.401016e-01 5.133353e-01 4.592948e-01 3.989993e-01 3.363589e-01 2.921770e-01 2.134082e-01 1.745284e-01 2.454952e-01 6.526187e-02 3.675766e-02 3.766736e-02 3.672719e-02 4.415905e-02 4.368052e-02 3.680947e-02 3.871612e-02 3.270481e-02 2.732773e-02 2.166186e-02 1.734776e-02 2.731984e-02 1.136096e-02 6.143731e-03 6.145695e-03 6.652202e-03 7.921062e-03 7.217920e-03 6.645344e-03 6.976913e-03 5.958562e-03 5.264588e-03 4.044179e-03 3.130371e-03 5.404072e-03
<GCONST> -4.997093e+01
<MIXTURE> 3 1.250000e-01
<MEAN> 39
 -2.733497e-01 -4.197216e-02 -7.076729e-02 -2.613637e-01 -6.440696e-02 -5.107994e-02 5.000448e-02 3.651443e-02 3.351632e-02 1.016376e-01 8.535537e-02 6.938852e-02 5.559620e-01 5.177396e-02 -9.982392e-02 -2.504770e-02 -1.034610e-01 -5.768907e-02 3.635738e-02 1.333385e-02 6.980363e-02 3.568128e-02 1.739327e-03 8.638231e-03 -6.996870e-03 1.497716e-01 1.911961e-02 8.512448e-03 4.864053e-03 2.608557e-02 9.870004e-03 8.529351e-03 -2.733945e-03 -9.818085e-03 -6.395304e-03 -1.042188e-02 -1.090707e-02 -8.634463e-03 -3.815642e-02
<VARIANCE> 39
 1.249941e+00 4.714849e-01 6.671682e-01 5.103191e-01 6.401016e-01 5.133353e-01 4.592948e-01 3.989993e-01 3.363589e-01 2.921770e-01 2.134082e-01 1.745284e-01 2.454952e-01 6.526187e-02 3.675766e-02 3.766736e-02 3.672719e-02 4.415905e-02 4.368052e-02 3.680947e-02 3.871612e-02 3.270481e-02 2.732773e-02 2.166186e-02 1.734776e-02 2.731984e-02 1.136096e-02 6.143731e-03 6.145695e-03 6.652202e-03 7.921062e-03 7.217920e-03 6.645344e-03 6.976913e-03 5.958562e-03 5.264588e-03 4.044179e-03 3.130371e-03 5.404072e-03
<GCONST> -4.997093e+01
<MIXTURE> 4 1.250000e-01
<MEAN> 39
 -2.733497e-01 -4.197216e-02 -7.076729e-02 -2.613637e-01 -6.440696e-02 -5.107994e-02 5.000448e-02 3.651443e-02 3.351632e-02 1.016376e-01 8.535537e-02 6.938852e-02 5.559620e-01 5.177396e-02 -9.982392e-02 -2.504770e-02 -1.034610e-01 -5.768907e-02 3.635738e-02 1.333385e-02 6.980363e-02 3.568128e-02 1.739327e-03 8.638231e-03 -6.996870e-03 1.497716e-01 1.911961e-02 8.512448e-03 4.864053e-03 2.608557e-02 9.870004e-03 8.529351e-03 -2.733945e-03 -9.818085e-03 -6.395304e-03 -1.042188e-02 -1.090707e-02 -8.634463e-03 -3.815642e-02
<VARIANCE> 39
 1.249941e+00 4.714849e-01 6.671682e-01 5.103191e-01 6.401016e-01 5.133353e-01 4.592948e-01 3.989993e-01 3.363589e-01 2.921770e-01 2.134082e-01 1.745284e-01 2.454952e-01 6.526187e-02 3.675766e-02 3.766736e-02 3.672719e-02 4.415905e-02 4.368052e-02 3.680947e-02 3.871612e-02 3.270481e-02 2.732773e-02 2.166186e-02 1.734776e-02 2.731984e-02 1.136096e-02 6.143731e-03 6.145695e-03 6.652202e-03 7.921062e-03 7.217920e-03 6.645344e-03 6.976913e-03 5.958562e-03 5.264588e-03 4.044179e-03 3.130371e-03 5.404072e-03
<GCONST> -4.997093e+01
<MIXTURE> 5 1.250000e-01
<MEAN> 39
 -2.733497e-01 -4.197216e-02 -7.076729e-02 -2.613637e-01 -6.440696e-02 -5.107994e-02 5.000448e-02 3.651443e-02 3.351632e-02 1.016376e-01 8.535537e-02 6.938852e-02 5.559620e-01 5.177396e-02 -9.982392e-02 -2.504770e-02 -1.034610e-01 -5.768907e-02 3.635738e-02 1.333385e-02 6.980363e-02 3.568128e-02 1.739327e-03 8.638231e-03 -6.996870e-03 1.497716e-01 1.911961e-02 8.512448e-03 4.864053e-03 2.608557e-02 9.870004e-03 8.529351e-03 -2.733945e-03 -9.818085e-03 -6.395304e-03 -1.042188e-02 -1.090707e-02 -8.634463e-03 -3.815642e-02
<VARIANCE> 39
 1.249941e+00 4.714849e-01 6.671682e-01 5.103191e-01 6.401016e-01 5.133353e-01 4.592948e-01 3.989993e-01 3.363589e-01 2.921770e-01 2.134082e-01 1.745284e-01 2.454952e-01 6.526187e-02 3.675766e-02 3.766736e-02 3.672719e-02 4.415905e-02 4.368052e-02 3.680947e-02 3.871612e-02 3.270481e-02 2.732773e-02 2.166186e-02 1.734776e-02 2.731984e-02 1.136096e-02 6.143731e-03 6.145695e-03 6.652202e-03 7.921062e-03 7.217920e-03 6.645344e-03 6.976913e-03 5.958562e-03 5.264588e-03 4.044179e-03 3.130371e-03 5.404072e-03
<GCONST> -4.997093e+01
<MIXTURE> 6 1.250000e-01
<MEAN> 39
 -2.733497e-01 -4.197216e-02 -7.076729e-02 -2.613637e-01 -6.440696e-02 -5.107994e-02 5.000448e-02 3.651443e-02 3.351632e-02 1.016376e-01 8.535537e-02 6.938852e-02 5.559620e-01 5.177396e-02 -9.982392e-02 -2.504770e-02 -1.034610e-01 -5.768907e-02 3.635738e-02 1.333385e-02 6.980363e-02 3.568128e-02 1.739327e-03 8.638231e-03 -6.996870e-03 1.497716e-01 1.911961e-02 8.512448e-03 4.864053e-03 2.608557e-02 9.870004e-03 8.529351e-03 -2.733945e-03 -9.818085e-03 -6.395304e-03 -1.042188e-02 -1.090707e-02 -8.634463e-03 -3.815642e-02
<VARIANCE> 39
 1.249941e+00 4.714849e-01 6.671682e-01 5.103191e-01 6.401016e-01 5.133353e-01 4.592948e-01 3.989993e-01 3.363589e-01 2.921770e-01 2.134082e-01 1.745284e-01 2.454952e-01 6.526187e-02 3.675766e-02 3.766736e-02 3.672719e-02 4.415905e-02 4.368052e-02 3.680947e-02 3.871612e-02 3.270481e-02 2.732773e-02 2.166186e-02 1.734776e-02 2.731984e-02 1.136096e-02 6.143731e-03 6.145695e-03 6.652202e-03 7.921062e-03 7.217920e-03 6.645344e-03 6.976913e-03 5.958562e-03 5.264588e-03 4.044179e-03 3.130371e-03 5.404072e-03
<GCONST> -4.997093e+01
<MIXTURE> 7 1.250000e-01
<MEAN> 39
 -2.733497e-01 -4.197216e-02 -7.076729e-02 -2.613637e-01 -6.440696e-02 -5.107994e-02 5.000448e-02 3.651443e-02 3.351632e-02 1.016376e-01 8.535537e-02 6.938852e-02 5.559620e-01 5.177396e-02 -9.982392e-02 -2.504770e-02 -1.034610e-01 -5.768907e-02 3.635738e-02 1.333385e-02 6.980363e-02 3.568128e-02 1.739327e-03 8.638231e-03 -6.996870e-03 1.497716e-01 1.911961e-02 8.512448e-03 4.864053e-03 2.608557e-02 9.870004e-03 8.529351e-03 -2.733945e-03 -9.818085e-03 -6.395304e-03 -1.042188e-02 -1.090707e-02 -8.634463e-03 -3.815642e-02
<VARIANCE> 39
 1.249941e+00 4.714849e-01 6.671682e-01 5.103191e-01 6.401016e-01 5.133353e-01 4.592948e-01 3.989993e-01 3.363589e-01 2.921770e-01 2.134082e-01 1.745284e-01 2.454952e-01 6.526187e-02 3.675766e-02 3.766736e-02 3.672719e-02 4.415905e-02 4.368052e-02 3.680947e-02 3.871612e-02 3.270481e-02 2.732773e-02 2.166186e-02 1.734776e-02 2.731984e-02 1.136096e-02 6.143731e-03 6.145695e-03 6.652202e-03 7.921062e-03 7.217920e-03 6.645344e-03 6.976913e-03 5.958562e-03 5.264588e-03 4.044179e-03 3.130371e-03 5.404072e-03
<GCONST> -4.997093e+01
<MIXTURE> 8 1.250000e-01
<MEAN> 39
 -2.733497e-01 -4.197216e-02 -7.076729e-02 -2.613637e-01 -6.440696e-02 -5.107994e-02 5.000448e-02 3.651443e-02 3.351632e-02 1.016376e-01 8.535537e-02 6.938852e-02 5.559620e-01 5.177396e-02 -9.982392e-02 -2.504770e-02 -1.034610e-01 -5.768907e-02 3.635738e-02 1.333385e-02 6.980363e-02 3.568128e-02 1.739327e-03 8.638231e-03 -6.996870e-03 1.497716e-01 1.911961e-02 8.512448e-03 4.864053e-03 2.608557e-02 9.870004e-03 8.529351e-03 -2.733945e-03 -9.818085e-03 -6.395304e-03 -1.042188e-02 -1.090707e-02 -8.634463e-03 -3.815642e-02
<VARIANCE> 39
 1.249941e+00 4.714849e-01 6.671682e-01 5.103191e-01 6.401016e-01 5.133353e-01 4.592948e-01 3.989993e-01 3.363589e-01 2.921770e-01 2.134082e-01 1.745284e-01 2.454952e-01 6.526187e-02 3.675766e-02 3.766736e-02 3.672719e-02 4.415905e-02 4.368052e-02 3.680947e-02 3.871612e-02 3.270481e-02 2.732773e-02 2.166186e-02 1.734776e-02 2.731984e-02 1.136096e-02 6.143731e-03 6.145695e-03 6.652202e-03 7.921062e-03 7.217920e-03 6.645344e-03 6.976913e-03 5.958562e-03 5.264588e-03 4.044179e-03 3.130371e-03 5.404072e-03
<GCONST> -4.997093e+01
<STATE> 4
<NUMMIXES> 8
<MIXTURE> 1 1.250000e-01
<MEAN> 39
 -1.245684e-01 -2.287424e-01 -5.075258e-02 -3.412998e-01 -1.103450e-01 6.610009e-02 6.817377e-02 9.268743e-02 4.035097e-02 5.091427e-02 6.167462e-02 4.134249e-02 7.095388e-01 8.774893e-02 -6.713837e-02 -2.297479e-02 -4.313086e-02 -3.125142e-02 3.657466e-02 -4.324468e-03 3.119717e-02 1.584222e-02 -1.897760e-02 -6.764090e-03 -1.658595e-02 8.559848e-02 -1.898665e-03 1.935557e-02 6.150771e-04 2.904251e-02 1.515010e-02 -5.346132e-03 -6.239810e-03 -1.764262e-02 -6.449479e-03 -3.331054e-03 -3.895397e-03 -2.884481e-03 -3.360994e-02
<VARIANCE> 39
 1.108870e+00 4.688341e-01 6.773155e-01 5.313536e-01 6.917474e-01 5.743723e-01 4.831174e-01 4.327618e-01 3.566689e-01 2.998329e-01 2.290288e-01 1.882283e-01 2.480157e-01 4.746792e-02 3.070536e-02 2.891262e-02 2.804067e-02 3.482352e-02 3.676818e-02 3.340061e-02 3.463189e-02 2.917675e-02 2.449308e-02 1.923835e-02 1.545031e-02 1.367443e-02 8.054564e-03 5.282710e-03 4.910772e-03 5.807773e-03 6.750317e-03 6.073946e-03 5.867716e-03 6.663414e-03 5.504238e-03 4.718522e-03 3.770330e-03 2.974686e-03 4.183955e-03
<GCONST> -5.420326e+01
<MIXTURE> 2 1.250000e-01
<MEAN> 39
 -1.245684e-01 -2.287424e-01 -5.075258e-02 -3.412998e-01 -1.103450e-01 6.610009e-02 6.817377e-02 9.268743e-02 4.035097e-02 5.091427e-02 6.167462e-02 4.134249e-02 7.095388e-01 8.774893e-02 -6.713837e-02 -2.297479e-02 -4.313086e-02 -3.125142e-02 3.657466e-02 -4.324468e-03 3.119717e-02 1.584222e-02 -1.897760e-02 -6.764090e-03 -1.658595e-02 8.559848e-02 -1.898665e-03 1.935557e-02 6.150771e-04 2.904251e-02 1.515010e-02 -5.346132e-03 -6.239810e-03 -1.764262e-02 -6.449479e-03 -3.331054e-03 -3.895397e-03 -2.884481e-03 -3.360994e-02
<VARIANCE> 39
 1.108870e+00 4.688341e-01 6.773155e-01 5.313536e-01 6.917474e-01 5.743723e-01 4.831174e-01 4.327618e-01 3.566689e-01 2.998329e-01 2.290288e-01 1.882283e-01 2.480157e-01 4.746792e-02 3.070536e-02 2.891262e-02 2.804067e-02 3.482352e-02 3.676818e-02 3.340061e-02 3.463189e-02 2.917675e-02 2.449308e-02 1.923835e-02 1.545031e-02 1.367443e-02 8.054564e-03 5.282710e-03 4.910772e-03 5.807773e-03 6.750317e-03 6.073946e-03 5.867716e-03 6.663414e-03 5.504238e-03 4.718522e-03 3.770330e-03 2.974686e-03 4.183955e-03
<GCONST> -5.420326e+01
<MIXTURE> 3 1.250000e-01
<MEAN> 39
 -1.245684e-01 -2.287424e-01 -5.075258e-02 -3.412998e-01 -1.103450e-01 6.610009e-02 6.817377e-02 9.268743e-02 4.035097e-02 5.091427e-02 6.167462e-02 4.134249e-02 7.095388e-01 8.774893e-02 -6.713837e-02 -2.297479e-02 -4.313086e-02 -3.125142e-02 3.657466e-02 -4.324468e-03 3.119717e-02 1.584222e-02 -1.897760e-02 -6.764090e-03 -1.658595e-02 8.559848e-02 -1.898665e-03 1.935557e-02 6.150771e-04 2.904251e-02 1.515010e-02 -5.346132e-03 -6.239810e-03 -1.764262e-02 -6.449479e-03 -3.331054e-03 -3.895397e-03 -2.884481e-03 -3.360994e-02
<VARIANCE> 39
 1.108870e+00 4.688341e-01 6.773155e-01 5.313536e-01 6.917474e-01 5.743723e-01 4.831174e-01 4.327618e-01 3.566689e-01 2.998329e-01 2.290288e-01 1.882283e-01 2.480157e-01 4.746792e-02 3.070536e-02 2.891262e-02 2.804067e-02 3.482352e-02 3.676818e-02 3.340061e-02 3.463189e-02 2.917675e-02 2.449308e-02 1.923835e-02 1.545031e-02 1.367443e-02 8.054564e-03 5.282710e-03 4.910772e-03 5.807773e-03 6.750317e-03 6.073946e-03 5.867716e-03 6.663414e-03 5.504238e-03 4.718522e-03 3.770330e-03 2.974686e-03 4.183955e-03
<GCONST> -5.420326e+01
<MIXTURE> 4 1.250000e-01
<MEAN> 39
 -1.245684e-01 -2.287424e-01 -5.075258e-02 -3.412998e-01 -1.103450e-01 6.610009e-02 6.817377e-02 9.268743e-02 4.035097e-02 5.091427e-02 6.167462e-02 4.134249e-02 7.095388e-01 8.774893e-02 -6.713837e-02 -2.297479e-02 -4.313086e-02 -3.125142e-02 3.657466e-02 -4.324468e-03 3.119717e-02 1.584222e-02 -1.897760e-02 -6.764090e-03 -1.658595e-02 8.559848e-02 -1.898665e-03 1.935557e-02 6.150771e-04 2.904251e-02 1.515010e-02 -5.346132e-03 -6.239810e-03 -1.764262e-02 -6.449479e-03 -3.331054e-03 -3.895397e-03 -2.884481e-03 -3.360994e-02
<VARIANCE> 39
 1.108870e+00 4.688341e-01 6.773155e-01 5.313536e-01 6.917474e-01 5.743723e-01 4.831174e-01 4.327618e-01 3.566689e-01 2.998329e-01 2.290288e-01 1.882283e-01 2.480157e-01 4.746792e-02 3.070536e-02 2.891262e-02 2.804067e-02 3.482352e-02 3.676818e-02 3.340061e-02 3.463189e-02 2.917675e-02 2.449308e-02 1.923835e-02 1.545031e-02 1.367443e-02 8.054564e-03 5.282710e-03 4.910772e-03 5.807773e-03 6.750317e-03 6.073946e-03 5.867716e-03 6.663414e-03 5.504238e-03 4.718522e-03 3.770330e-03 2.974686e-03 4.183955e-03
<GCONST> -5.420326e+01
<MIXTURE> 5 1.250000e-01
<MEAN> 39
 -1.245684e-01 -2.287424e-01 -5.075258e-02 -3.412998e-01 -1.103450e-01 6.610009e-02 6.817377e-02 9.268743e-02 4.035097e-02 5.091427e-02 6.167462e-02 4.134249e-02 7.095388e-01 8.774893e-02 -6.713837e-02 -2.297479e-02 -4.313086e-02 -3.125142e-02 3.657466e-02 -4.324468e-03 3.119717e-02 1.584222e-02 -1.897760e-02 -6.764090e-03 -1.658595e-02 8.559848e-02 -1.898665e-03 1.935557e-02 6.150771e-04 2.904251e-02 1.515010e-02 -5.346132e-03 -6.239810e-03 -1.764262e-02 -6.449479e-03 -3.331054e-03 -3.895397e-03 -2.884481e-03 -3.360994e-02
<VARIANCE> 39
 1.108870e+00 4.688341e-01 6.773155e-01 5.313536e-01 6.917474e-01 5.743723e-01 4.831174e-01 4.327618e-01 3.566689e-01 2.998329e-01 2.290288e-01 1.882283e-01 2.480157e-01 4.746792e-02 3.070536e-02 2.891262e-02 2.804067e-02 3.482352e-02 3.676818e-02 3.340061e-02 3.463189e-02 2.917675e-02 2.449308e-02 1.923835e-02 1.545031e-02 1.367443e-02 8.054564e-03 5.282710e-03 4.910772e-03 5.807773e-03 6.750317e-03 6.073946e-03 5.867716e-03 6.663414e-03 5.504238e-03 4.718522e-03 3.770330e-03 2.974686e-03 4.183955e-03
<GCONST> -5.420326e+01
<MIXTURE> 6 1.250000e-01
<MEAN> 39
 -1.245684e-01 -2.287424e-01 -5.075258e-02 -3.412998e-01 -1.103450e-01 6.610009e-02 6.817377e-02 9.268743e-02 4.035097e-02 5.091427e-02 6.167462e-02 4.134249e-02 7.095388e-01 8.774893e-02 -6.713837e-02 -2.297479e-02 -4.313086e-02 -3.125142e-02 3.657466e-02 -4.324468e-03 3.119717e-02 1.584222e-02 -1.897760e-02 -6.764090e-03 -1.658595e-02 8.559848e-02 -1.898665e-03 1.935557e-02 6.150771e-04 2.904251e-02 1.515010e-02 -5.346132e-03 -6.239810e-03 -1.764262e-02 -6.449479e-03 -3.331054e-03 -3.895397e-03 -2.884481e-03 -3.360994e-02
<VARIANCE> 39
 1.108870e+00 4.688341e-01 6.773155e-01 5.313536e-01 6.917474e-01 5.743723e-01 4.831174e-01 4.327618e-01 3.566689e-01 2.998329e-01 2.290288e-01 1.882283e-01 2.480157e-01 4.746792e-02 3.070536e-02 2.891262e-02 2.804067e-02 3.482352e-02 3.676818e-02 3.340061e-02 3.463189e-02 2.917675e-02 2.449308e-02 1.923835e-02 1.545031e-02 1.367443e-02 8.054564e-03 5.282710e-03 4.910772e-03 5.807773e-03 6.750317e-03 6.073946e-03 5.867716e-03 6.663414e-03 5.504238e-03 4.718522e-03 3.770330e-03 2.974686e-03 4.183955e-03
<GCONST> -5.420326e+01
<MIXTURE> 7 1.250000e-01
<MEAN> 39
 -1.245684e-01 -2.287424e-01 -5.075258e-02 -3.412998e-01 -1.103450e-01 6.610009e-02 6.817377e-02 9.268743e-02 4.035097e-02 5.091427e-02 6.167462e-02 4.134249e-02 7.095388e-01 8.774893e-02 -6.713837e-02 -2.297479e-02 -4.313086e-02 -3.125142e-02 3.657466e-02 -4.324468e-03 3.119717e-02 1.584222e-02 -1.897760e-02 -6.764090e-03 -1.658595e-02 8.559848e-02 -1.898665e-03 1.935557e-02 6.150771e-04 2.904251e-02 1.515010e-02 -5.346132e-03 -6.239810e-03 -1.764262e-02 -6.449479e-03 -3.331054e-03 -3.895397e-03 -2.884481e-03 -3.360994e-02
<VARIANCE> 39
 1.108870e+00 4.688341e-01 6.773155e-01 5.313536e-01 6.917474e-01 5.743723e-01 4.831174e-01 4.327618e-01 3.566689e-01 2.998329e-01 2.290288e-01 1.882283e-01 2.480157e-01 4.746792e-02 3.070536e-02 2.891262e-02 2.804067e-02 3.482352e-02 3.676818e-02 3.340061e-02 3.463189e-02 2.917675e-02 2.449308e-02 1.923835e-02 1.545031e-02 1.367443e-02 8.054564e-03 5.282710e-03 4.910772e-03 5.807773e-03 6.750317e-03 6.073946e-03 5.867716e-03 6.663414e-03 5.504238e-03 4.718522e-03 3.770330e-03 2.974686e-03 4.183955e-03
<GCONST> -5.420326e+01
<MIXTURE> 8 1.250000e-01
<MEAN> 39
 -1.245684e-01 -2.287424e-01 -5.075258e-02 -3.412998e-01 -1.103450e-01 6.610009e-02 6.817377e-02 9.268743e-02 4.035097e-02 5.091427e-02 6.167462e-02 4.134249e-02 7.095388e-01 8.774893e-02 -6.713837e-02 -2.297479e-02 -4.313086e-02 -3.125142e-02 3.657466e-02 -4.324468e-03 3.119717e-02 1.584222e-02 -1.897760e-02 -6.764090e-03 -1.658595e-02 8.559848e-02 -1.898665e-03 1.935557e-02 6.150771e-04 2.904251e-02 1.515010e-02 -5.346132e-03 -6.239810e-03 -1.764262e-02 -6.449479e-03 -3.331054e-03 -3.895397e-03 -2.884481e-03 -3.360994e-02
<VARIANCE> 39
 1.108870e+00 4.688341e-01 6.773155e-01 5.313536e-01 6.917474e-01 5.743723e-01 4.831174e-01 4.327618e-01 3.566689e-01 2.998329e-01 2.290288e-01 1.882283e-01 2.480157e-01 4.746792e-02 3.070536e-02 2.891262e-02 2.804067e-02 3.482352e-02 3.676818e-02 3.340061e-02 3.463189e-02 2.917675e-02 2.449308e-02 1.923835e-02 1.545031e-02 1.367443e-02 8.054564e-03 5.282710e-03 4.910772e-03 5.807773e-03 6.750317e-03 6.073946e-03 5.867716e-03 6.663414e-03 5.504238e-03 4.718522e-03 3.770330e-03 2.974686e-03 4.183955e-03
<GCONST> -5.420326e+01
<STATE> 5
<NUMMIXES> 8
<MIXTURE> 1 1.250000e-01
<MEAN> 39
 3.481669e-01 -3.683332e-01 -1.315875e-01 -4.487208e-01 -2.418915e-01 1.443295e-01 2.498767e-03 1.285356e-01 5.699673e-02 -2.297764e-03 4.584406e-02 -3.025099e-02 8.960037e-01 3.024316e-02 -5.088449e-02 -2.778466e-02 -7.678599e-03 1.318641e-04 2.222133e-02 -6.941766e-03 1.550429e-02 1.830590e-02 -1.322290e-02 -4.093432e-03 -1.281152e-02 4.785640e-02 -1.694723e-02 2.898285e-02 8.204569e-03 2.861262e-02 1.694721e-02 -1.430911e-02 -4.417044e-03 -2.011431e-02 -8.682401e-03 1.467831e-03 -1.943020e-03 3.006906e-03 -4.158209e-02
<VARIANCE> 39
 4.854481e-01 4.723411e-01 7.152029e-01 5.790362e-01 7.111584e-01 6.960703e-01 5.238091e-01 5.007728e-01 4.044266e-01 3.388243e-01 2.669485e-01 2.236313e-01 2.464169e-01 2.075829e-02 2.332768e-02 2.541743e-02 2.684173e-02 3.239641e-02 3.249563e-02 3.096782e-02 3.296839e-02 2.691705e-02 2.279184e-02 1.896267e-02 1.587040e-02 1.062189e-02 4.041410e-03 4.387771e-03 3.960170e-03 4.608751e-03 5.572373e-03 5.537848e-03 5.459514e-03 6.283853e-03 5.123436e-03 4.392638e-03 3.599648e-03 3.045902e-03 2.520109e-03
<GCONST> -5.826513e+01
<MIXTURE> 2 1.250000e-01
<MEAN> 39
 3.481669e-01 -3.683332e-01 -1.315875e-01 -4.487208e-01 -2.418915e-01 1.443295e-01 2.498767e-03 1.285356e-01 5.699673e-02 -2.297764e-03 4.584406e-02 -3.025099e-02 8.960037e-01 3.024316e-02 -5.088449e-02 -2.778466e-02 -7.678599e-03 1.318641e-04 2.222133e-02 -6.941766e-03 1.550429e-02 1.830590e-02 -1.322290e-02 -4.093432e-03 -1.281152e-02 4.785640e-02 -1.694723e-02 2.898285e-02 8.204569e-03 2.861262e-02 1.694721e-02 -1.430911e-02 -4.417044e-03 -2.011431e-02 -8.682401e-03 1.467831e-03 -1.943020e-03 3.006906e-03 -4.158209e-02
<VARIANCE> 39
 4.854481e-01 4.723411e-01 7.152029e-01 5.790362e-01 7.111584e-01 6.960703e-01 5.238091e-01 5.007728e-01 4.044266e-01 3.388243e-01 2.669485e-01 2.236313e-01 2.464169e-01 2.075829e-02 2.332768e-02 2.541743e-02 2.684173e-02 3.239641e-02 3.249563e-02 3.096782e-02 3.296839e-02 2.691705e-02 2.279184e-02 1.896267e-02 1.587040e-02 1.062189e-02 4.041410e-03 4.387771e-03 3.960170e-03 4.608751e-03 5.572373e-03 5.537848e-03 5.459514e-03 6.283853e-03 5.123436e-03 4.392638e-03 3.599648e-03 3.045902e-03 2.520109e-03
<GCONST> -5.826513e+01
<MIXTURE> 3 1.250000e-01
<MEAN> 39
 3.481669e-01 -3.683332e-01 -1.315875e-01 -4.487208e-01 -2.418915e-01 1.443295e-01 2.498767e-03 1.285356e-01 5.699673e-02 -2.297764e-03 4.584406e-02 -3.025099e-02 8.960037e-01 3.024316e-02 -5.088449e-02 -2.778466e-02 -7.678599e-03 1.318641e-04 2.222133e-02 -6.941766e-03 1.550429e-02 1.830590e-02 -1.322290e-02 -4.093432e-03 -1.281152e-02 4.785640e-02 -1.694723e-02 2.898285e-02 8.204569e-03 2.861262e-02 1.694721e-02 -1.430911e-02 -4.417044e-03 -2.011431e-02 -8.682401e-03 1.467831e-03 -1.943020e-03 3.006906e-03 -4.158209e-02
<VARIANCE> 39
 4.854481e-01 4.723411e-01 7.152029e-01 5.790362e-01 7.111584e-01 6.960703e-01 5.238091e-01 5.007728e-01 4.044266e-01 3.388243e-01 2.669485e-01 2.236313e-01 2.464169e-01 2.075829e-02 2.332768e-02 2.541743e-02 2.684173e-02 3.239641e-02 3.249563e-02 3.096782e-02 3.296839e-02 2.691705e-02 2.279184e-02 1.896267e-02 1.587040e-02 1.062189e-02 4.041410e-03 4.387771e-03 3.960170e-03 4.608751e-03 5.572373e-03 5.537848e-03 5.459514e-03 6.283853e-03 5.123436e-03 4.392638e-03 3.599648e-03 3.045902e-03 2.520109e-03
<GCONST> -5.826513e+01
<MIXTURE> 4 1.250000e-01
<MEAN> 39
 3.481669e-01 -3.683332e-01 -1.315875e-01 -4.487208e-01 -2.418915e-01 1.443295e-01 2.498767e-03 1.285356e-01 5.699673e-02 -2.297764e-03 4.584406e-02 -3.025099e-02 8.960037e-01 3.024316e-02 -5.088449e-02 -2.778466e-02 -7.678599e-03 1.318641e-04 2.222133e-02 -6.941766e-03 1.550429e-02 1.830590e-02 -1.322290e-02 -4.093432e-03 -1.281152e-02 4.785640e-02 -1.694723e-02 2.898285e-02 8.204569e-03 2.861262e-02 1.694721e-02 -1.430911e-02 -4.417044e-03 -2.011431e-02 -8.682401e-03 1.467831e-03 -1.943020e-03 3.006906e-03 -4.158209e-02
<VARIANCE> 39
 4.854481e-01 4.723411e-01 7.152029e-01 5.790362e-01 7.111584e-01 6.960703e-01 5.238091e-01 5.007728e-01 4.044266e-01 3.388243e-01 2.669485e-01 2.236313e-01 2.464169e-01 2.075829e-02 2.332768e-02 2.541743e-02 2.684173e-02 3.239641e-02 3.249563e-02 3.096782e-02 3.296839e-02 2.691705e-02 2.279184e-02 1.896267e-02 1.587040e-02 1.062189e-02 4.041410e-03 4.387771e-03 3.960170e-03 4.608751e-03 5.572373e-03 5.537848e-03 5.459514e-03 6.283853e-03 5.123436e-03 4.392638e-03 3.599648e-03 3.045902e-03 2.520109e-03
<GCONST> -5.826513e+01
<MIXTURE> 5 1.250000e-01
<MEAN> 39
 3.481669e-01 -3.683332e-01 -1.315875e-01 -4.487208e-01 -2.418915e-01 1.443295e-01 2.498767e-03 1.285356e-01 5.699673e-02 -2.297764e-03 4.584406e-02 -3.025099e-02 8.960037e-01 3.024316e-02 -5.088449e-02 -2.778466e-02 -7.678599e-03 1.318641e-04 2.222133e-02 -6.941766e-03 1.550429e-02 1.830590e-02 -1.322290e-02 -4.093432e-03 -1.281152e-02 4.785640e-02 -1.694723e-02 2.898285e-02 8.204569e-03 2.861262e-02 1.694721e-02 -1.430911e-02 -4.417044e-03 -2.011431e-02 -8.682401e-03 1.467831e-03 -1.943020e-03 3.006906e-03 -4.158209e-02
<VARIANCE> 39
 4.854481e-01 4.723411e-01 7.152029e-01 5.790362e-01 7.111584e-01 6.960703e-01 5.238091e-01 5.007728e-01 4.044266e-01 3.388243e-01 2.669485e-01 2.236313e-01 2.464169e-01 2.075829e-02 2.332768e-02 2.541743e-02 2.684173e-02 3.239641e-02 3.249563e-02 3.096782e-02 3.296839e-02 2.691705e-02 2.279184e-02 1.896267e-02 1.587040e-02 1.062189e-02 4.041410e-03 4.387771e-03 3.960170e-03 4.608751e-03 5.572373e-03 5.537848e-03 5.459514e-03 6.283853e-03 5.123436e-03 4.392638e-03 3.599648e-03 3.045902e-03 2.520109e-03
<GCONST> -5.826513e+01
<MIXTURE> 6 1.250000e-01
<MEAN> 39
 3.481669e-01 -3.683332e-01 -1.315875e-01 -4.487208e-01 -2.418915e-01 1.443295e-01 2.498767e-03 1.285356e-01 5.699673e-02 -2.297764e-03 4.584406e-02 -3.025099e-02 8.960037e-01 3.024316e-02 -5.088449e-02 -2.778466e-02 -7.678599e-03 1.318641e-04 2.222133e-02 -6.941766e-03 1.550429e-02 1.830590e-02 -1.322290e-02 -4.093432e-03 -1.281152e-02 4.785640e-02 -1.694723e-02 2.898285e-02 8.204569e-03 2.861262e-02 1.694721e-02 -1.430911e-02 -4.417044e-03 -2.011431e-02 -8.682401e-03 1.467831e-03 -1.943020e-03 3.006906e-03 -4.158209e-02
<VARIANCE> 39
 4.854481e-01 4.723411e-01 7.152029e-01 5.790362e-01 7.111584e-01 6.960703e-01 5.238091e-01 5.007728e-01 4.044266e-01 3.388243e-01 2.669485e-01 2.236313e-01 2.464169e-01 2.075829e-02 2.332768e-02 2.541743e-02 2.684173e-02 3.239641e-02 3.249563e-02 3.096782e-02 3.296839e-02 2.691705e-02 2.279184e-02 1.896267e-02 1.587040e-02 1.062189e-02 4.041410e-03 4.387771e-03 3.960170e-03 4.608751e-03 5.572373e-03 5.537848e-03 5.459514e-03 6.283853e-03 5.123436e-03 4.392638e-03 3.599648e-03 3.045902e-03 2.520109e-03
<GCONST> -5.826513e+01
<MIXTURE> 7 1.250000e-01
<MEAN> 39
 3.481669e-01 -3.683332e-01 -1.315875e-01 -4.487208e-01 -2.418915e-01 1.443295e-01 2.498767e-03 1.285356e-01 5.699673e-02 -2.297764e-03 4.584406e-02 -3.025099e-02 8.960037e-01 3.024316e-02 -5.088449e-02 -2.778466e-02 -7.678599e-03 1.318641e-04 2.222133e-02 -6.941766e-03 1.550429e-02 1.830590e-02 -1.322290e-02 -4.093432e-03 -1.281152e-02 4.785640e-02 -1.694723e-02 2.898285e-02 8.204569e-03 2.861262e-02 1.694721e-02 -1.430911e-02 -4.417044e-03 -2.011431e-02 -8.682401e-03 1.467831e-03 -1.943020e-03 3.006906e-03 -4.158209e-02
<VARIANCE> 39
 4.854481e-01 4.723411e-01 7.152029e-01 5.790362e-01 7.111584e-01 6.960703e-01 5.238091e-01 5.007728e-01 4.044266e-01 3.388243e-01 2.669485e-01 2.236313e-01 2.464169e-01 2.075829e-02 2.332768e-02 2.541743e-02 2.684173e-02 3.239641e-02 3.249563e-02 3.096782e-02 3.296839e-02 2.691705e-02 2.279184e-02 1.896267e-02 1.587040e-02 1.062189e-02 4.041410e-03 4.387771e-03 3.960170e-03 4.608751e-03 5.572373e-03 5.537848e-03 5.459514e-03 6.283853e-03 5.123436e-03 4.392638e-03 3.599648e-03 3.045902e-03 2.520109e-03
<GCONST> -5.826513e+01
<MIXTURE> 8 1.250000e-01
<MEAN> 39
 3.481669e-01 -3.683332e-01 -1.315875e-01 -4.487208e-01 -2.418915e-01 1.443295e-01 2.498767e-03 1.285356e-01 5.699673e-02 -2.297764e-03 4.584406e-02 -3.025099e-02 8.960037e-01 3.024316e-02 -5.088449e-02 -2.778466e-02 -7.678599e-03 1.318641e-04 2.222133e-02 -6.941766e-03 1.550429e-02 1.830590e-02 -1.322290e-02 -4.093432e-03 -1.281152e-02 4.785640e-02 -1.694723e-02 2.898285e-02 8.204569e-03 2.861262e-02 1.694721e-02 -1.430911e-02 -4.417044e-03 -2.011431e-02 -8.682401e-03 1.467831e-03 -1.943020e-03 3.006906e-03 -4.158209e-02
<VARIANCE> 39
 4.854481e-01 4.723411e-01 7.152029e-01 5.790362e-01 7.111584e-01 6.960703e-01 5.238091e-01 5.007728e-01 4.044266e-01 3.388243e-01 2.669485e-01 2.236313e-01 2.464169e-01 2.075829e-02 2.332768e-02 2.541743e-02 2.684173e-02 3.239641e-02 3.249563e-02 3.096782e-02 3.296839e-02 2.691705e-02 2.279184e-02 1.896267e-02 1.587040e-02 1.062189e-02 4.041410e-03 4.387771e-03 3.960170e-03 4.608751e-03 5.572373e-03 5.537848e-03 5.459514e-03 6.283853e-03 5.123436e-03 4.392638e-03 3.599648e-03 3.045902e-03 2.520109e-03
<GCONST> -5.826513e+01
<STATE> 6
<NUMMIXES> 8
<MIXTURE> 1 1.250000e-01
<MEAN> 39
 4.641353e-01 -5.782890e-01 -3.119595e-01 -5.512965e-01 -1.408065e-01 3.643836e-01 1.003041e-02 1.171825e-01 1.191994e-01 -4.785008e-02 3.857721e-02 -7.650068e-02 1.037740e+00 8.567586e-03 1.314007e-03 -4.692356e-03 1.703979e-02 1.027719e-02 -1.009778e-02 -1.494507e-02 -3.725141e-04 6.134143e-03 -5.855518e-03 -4.784137e-03 -2.509441e-03 -1.283540e-02 -9.395103e-04 2.551858e-02 8.498659e-03 1.368756e-02 2.359992e-04 -1.582837e-02 -3.873321e-03 -8.447573e-03 -6.233051e-03 3.156901e-03 -1.381391e-03 1.276044e-03 -2.442937e-02
<VARIANCE> 39
 3.045071e-01 4.848196e-01 6.514569e-01 6.127242e-01 7.153684e-01 7.977188e-01 5.337015e-01 5.045559e-01 3.720483e-01 3.286410e-01 2.737720e-01 2.428292e-01 2.173202e-01 7.626174e-03 1.436347e-02 1.642459e-02 1.999908e-02 2.281644e-02 2.339724e-02 2.215670e-02 2.398072e-02 1.868669e-02 1.629923e-02 1.406775e-02 1.198814e-02 6.756430e-03 1.411290e-03 2.276773e-03 2.302096e-03 2.888311e-03 3.573469e-03 3.585399e-03 3.658410e-03 4.094230e-03 3.311597e-03 2.881400e-03 2.510937e-03 2.156601e-03 1.306016e-03
<GCONST> -7.063347e+01
<MIXTURE> 2 1.250000e-01
<MEAN> 39
 4.641353e-01 -5.782890e-01 -3.119595e-01 -5.512965e-01 -1.408065e-01 3.643836e-01 1.003041e-02 1.171825e-01 1.191994e-01 -4.785008e-02 3.857721e-02 -7.650068e-02 1.037740e+00 8.567586e-03 1.314007e-03 -4.692356e-03 1.703979e-02 1.027719e-02 -1.009778e-02 -1.494507e-02 -3.725141e-04 6.134143e-03 -5.855518e-03 -4.784137e-03 -2.509441e-03 -1.283540e-02 -9.395103e-04 2.551858e-02 8.498659e-03 1.368756e-02 2.359992e-04 -1.582837e-02 -3.873321e-03 -8.447573e-03 -6.233051e-03 3.156901e-03 -1.381391e-03 1.276044e-03 -2.442937e-02
<VARIANCE> 39
 3.045071e-01 4.848196e-01 6.514569e-01 6.127242e-01 7.153684e-01 7.977188e-01 5.337015e-01 5.045559e-01 3.720483e-01 3.286410e-01 2.737720e-01 2.428292e-01 2.173202e-01 7.626174e-03 1.436347e-02 1.642459e-02 1.999908e-02 2.281644e-02 2.339724e-02 2.215670e-02 2.398072e-02 1.868669e-02 1.629923e-02 1.406775e-02 1.198814e-02 6.756430e-03 1.411290e-03 2.276773e-03 2.302096e-03 2.888311e-03 3.573469e-03 3.585399e-03 3.658410e-03 4.094230e-03 3.311597e-03 2.881400e-03 2.510937e-03 2.156601e-03 1.306016e-03
<GCONST> -7.063347e+01
<MIXTURE> 3 1.250000e-01
<MEAN> 39
 4.641353e-01 -5.782890e-01 -3.119595e-01 -5.512965e-01 -1.408065e-01 3.643836e-01 1.003041e-02 1.171825e-01 1.191994e-01 -4.785008e-02 3.857721e-02 -7.650068e-02 1.037740e+00 8.567586e-03 1.314007e-03 -4.692356e-03 1.703979e-02 1.027719e-02 -1.009778e-02 -1.494507e-02 -3.725141e-04 6.134143e-03 -5.855518e-03 -4.784137e-03 -2.509441e-03 -1.283540e-02 -9.395103e-04 2.551858e-02 8.498659e-03 1.368756e-02 2.359992e-04 -1.582837e-02 -3.873321e-03 -8.447573e-03 -6.233051e-03 3.156901e-03 -1.381391e-03 1.276044e-03 -2.442937e-02
<VARIANCE> 39
 3.045071e-01 4.848196e-01 6.514569e-01 6.127242e-01 7.153684e-01 7.977188e-01 5.337015e-01 5.045559e-01 3.720483e-01 3.286410e-01 2.737720e-01 2.428292e-01 2.173202e-01 7.626174e-03 1.436347e-02 1.642459e-02 1.999908e-02 2.281644e-02 2.339724e-02 2.215670e-02 2.398072e-02 1.868669e-02 1.629923e-02 1.406775e-02 1.198814e-02 6.756430e-03 1.411290e-03 2.276773e-03 2.302096e-03 2.888311e-03 3.573469e-03 3.585399e-03 3.658410e-03 4.094230e-03 3.311597e-03 2.881400e-03 2.510937e-03 2.156601e-03 1.306016e-03
<GCONST> -7.063347e+01
<MIXTURE> 4 1.250000e-01
<MEAN> 39
 4.641353e-01 -5.782890e-01 -3.119595e-01 -5.512965e-01 -1.408065e-01 3.643836e-01 1.003041e-02 1.171825e-01 1.191994e-01 -4.785008e-02 3.857721e-02 -7.650068e-02 1.037740e+00 8.567586e-03 1.314007e-03 -4.692356e-03 1.703979e-02 1.027719e-02 -1.009778e-02 -1.494507e-02 -3.725141e-04 6.134143e-03 -5.855518e-03 -4.784137e-03 -2.509441e-03 -1.283540e-02 -9.395103e-04 2.551858e-02 8.498659e-03 1.368756e-02 2.359992e-04 -1.582837e-02 -3.873321e-03 -8.447573e-03 -6.233051e-03 3.156901e-03 -1.381391e-03 1.276044e-03 -2.442937e-02
<VARIANCE> 39
 3.045071e-01 4.848196e-01 6.514569e-01 6.127242e-01 7.153684e-01 7.977188e-01 5.337015e-01 5.045559e-01 3.720483e-01 3.286410e-01 2.737720e-01 2.428292e-01 2.173202e-01 7.626174e-03 1.436347e-02 1.642459e-02 1.999908e-02 2.281644e-02 2.339724e-02 2.215670e-02 2.398072e-02 1.868669e-02 1.629923e-02 1.406775e-02 1.198814e-02 6.756430e-03 1.411290e-03 2.276773e-03 2.302096e-03 2.888311e-03 3.573469e-03 3.585399e-03 3.658410e-03 4.094230e-03 3.311597e-03 2.881400e-03 2.510937e-03 2.156601e-03 1.306016e-03
<GCONST> -7.063347e+01
<MIXTURE> 5 1.250000e-01
<MEAN> 39
 4.641353e-01 -5.782890e-01 -3.119595e-01 -5.512965e-01 -1.408065e-01 3.643836e-01 1.003041e-02 1.171825e-01 1.191994e-01 -4.785008e-02 3.857721e-02 -7.650068e-02 1.037740e+00 8.567586e-03 1.314007e-03 -4.692356e-03 1.703979e-02 1.027719e-02 -1.009778e-02 -1.494507e-02 -3.725141e-04 6.134143e-03 -5.855518e-03 -4.784137e-03 -2.509441e-03 -1.283540e-02 -9.395103e-04 2.551858e-02 8.498659e-03 1.368756e-02 2.359992e-04 -1.582837e-02 -3.873321e-03 -8.447573e-03 -6.233051e-03 3.156901e-03 -1.381391e-03 1.276044e-03 -2.442937e-02
<VARIANCE> 39
 3.045071e-01 4.848196e-01 6.514569e-01 6.127242e-01 7.153684e-01 7.977188e-01 5.337015e-01 5.045559e-01 3.720483e-01 3.286410e-01 2.737720e-01 2.428292e-01 2.173202e-01 7.626174e-03 1.436347e-02 1.642459e-02 1.999908e-02 2.281644e-02 2.339724e-02 2.215670e-02 2.398072e-02 1.868669e-02 1.629923e-02 1.406775e-02 1.198814e-02 6.756430e-03 1.411290e-03 2.276773e-03 2.302096e-03 2.888311e-03 3.573469e-03 3.585399e-03 3.658410e-03 4.094230e-03 3.311597e-03 2.881400e-03 2.510937e-03 2.156601e-03 1.306016e-03
<GCONST> -7.063347e+01
<MIXTURE> 6 1.250000e-01
<MEAN> 39
 4.641353e-01 -5.782890e-01 -3.119595e-01 -5.512965e-01 -1.408065e-01 3.643836e-01 1.003041e-02 1.171825e-01 1.191994e-01 -4.785008e-02 3.857721e-02 -7.650068e-02 1.037740e+00 8.567586e-03 1.314007e-03 -4.692356e-03 1.703979e-02 1.027719e-02 -1.009778e-02 -1.494507e-02 -3.725141e-04 6.134143e-03 -5.855518e-03 -4.784137e-03 -2.509441e-03 -1.283540e-02 -9.395103e-04 2.551858e-02 8.498659e-03 1.368756e-02 2.359992e-04 -1.582837e-02 -3.873321e-03 -8.447573e-03 -6.233051e-03 3.156901e-03 -1.381391e-03 1.276044e-03 -2.442937e-02
<VARIANCE> 39
 3.045071e-01 4.848196e-01 6.514569e-01 6.127242e-01 7.153684e-01 7.977188e-01 5.337015e-01 5.045559e-01 3.720483e-01 3.286410e-01 2.737720e-01 2.428292e-01 2.173202e-01 7.626174e-03 1.436347e-02 1.642459e-02 1.999908e-02 2.281644e-02 2.339724e-02 2.215670e-02 2.398072e-02 1.868669e-02 1.629923e-02 1.406775e-02 1.198814e-02 6.756430e-03 1.411290e-03 2.276773e-03 2.302096e-03 2.888311e-03 3.573469e-03 3.585399e-03 3.658410e-03 4.094230e-03 3.311597e-03 2.881400e-03 2.510937e-03 2.156601e-03 1.306016e-03
<GCONST> -7.063347e+01
<MIXTURE> 7 1.250000e-01
<MEAN> 39
 4.641353e-01 -5.782890e-01 -3.119595e-01 -5.512965e-01 -1.408065e-01 3.643836e-01 1.003041e-02 1.171825e-01 1.191994e-01 -4.785008e-02 3.857721e-02 -7.650068e-02 1.037740e+00 8.567586e-03 1.314007e-03 -4.692356e-03 1.703979e-02 1.027719e-02 -1.009778e-02 -1.494507e-02 -3.725141e-04 6.134143e-03 -5.855518e-03 -4.784137e-03 -2.509441e-03 -1.283540e-02 -9.395103e-04 2.551858e-02 8.498659e-03 1.368756e-02 2.359992e-04 -1.582837e-02 -3.873321e-03 -8.447573e-03 -6.233051e-03 3.156901e-03 -1.381391e-03 1.276044e-03 -2.442937e-02
<VARIANCE> 39
 3.045071e-01 4.848196e-01 6.514569e-01 6.127242e-01 7.153684e-01 7.977188e-01 5.337015e-01 5.045559e-01 3.720483e-01 3.286410e-01 2.737720e-01 2.428292e-01 2.173202e-01 7.626174e-03 1.436347e-02 1.642459e-02 1.999908e-02 2.281644e-02 2.339724e-02 2.215670e-02 2.398072e-02 1.868669e-02 1.629923e-02 1.406775e-02 1.198814e-02 6.756430e-03 1.411290e-03 2.276773e-03 2.302096e-03 2.888311e-03 3.573469e-03 3.585399e-03 3.658410e-03 4.094230e-03 3.311597e-03 2.881400e-03 2.510937e-03 2.156601e-03 1.306016e-03
<GCONST> -7.063347e+01
<MIXTURE> 8 1.250000e-01
<MEAN> 39
 4.641353e-01 -5.782890e-01 -3.119595e-01 -5.512965e-01 -1.408065e-01 3.643836e-01 1.003041e-02 1.171825e-01 1.191994e-01 -4.785008e-02 3.857721e-02 -7.650068e-02 1.037740e+00 8.567586e-03 1.314007e-03 -4.692356e-03 1.703979e-02 1.027719e-02 -1.009778e-02 -1.494507e-02 -3.725141e-04 6.134143e-03 -5.855518e-03 -4.784137e-03 -2.509441e-03 -1.283540e-02 -9.395103e-04 2.551858e-02 8.498659e-03 1.368756e-02 2.359992e-04 -1.582837e-02 -3.873321e-03 -8.447573e-03 -6.233051e-03 3.156901e-03 -1.381391e-03 1.276044e-03 -2.442937e-02
<VARIANCE> 39
 3.045071e-01 4.848196e-01 6.514569e-01 6.127242e-01 7.153684e-01 7.977188e-01 5.337015e-01 5.045559e-01 3.720483e-01 3.286410e-01 2.737720e-01 2.428292e-01 2.173202e-01 7.626174e-03 1.436347e-02 1.642459e-02 1.999908e-02 2.281644e-02 2.339724e-02 2.215670e-02 2.398072e-02 1.868669e-02 1.629923e-02 1.406775e-02 1.198814e-02 6.756430e-03 1.411290e-03 2.276773e-03 2.302096e-03 2.888311e-03 3.573469e-03 3.585399e-03 3.658410e-03 4.094230e-03 3.311597e-03 2.881400e-03 2.510937e-03 2.156601e-03 1.306016e-03
<GCONST> -7.063347e+01
<STATE> 7
<NUMMIXES> 8
<MIXTURE> 1 1.250000e-01
<MEAN> 39
 5.098419e-01 -3.253588e-01 -2.100972e-01 -3.536785e-01 -2.104290e-01 7.434022e-02 -9.811881e-02 1.310649e-01 1.133228e-01 -3.450640e-02 3.262934e-02 -6.435893e-02 7.746515e-01 8.571197e-03 6.532218e-02 2.420813e-02 4.504227e-02 -3.220556e-03 -4.418573e-02 -1.645736e-02 -2.430852e-02 -1.729872e-02 7.711099e-03 -5.065423e-03 -2.686467e-04 -6.875177e-02 -3.537480e-03 1.559971e-02 7.908897e-03 1.409053e-02 3.607447e-03 -4.261218e-03 8.015146e-04 -1.119135e-02 -8.659256e-03 1.381327e-03 -1.852504e-03 -5.957385e-05 -1.924949e-02
<VARIANCE> 39
 3.482549e-01 4.909656e-01 8.172164e-01 6.348282e-01 7.269208e-01 7.388375e-01 5.756261e-01 5.724005e-01 4.389710e-01 3.355011e-01 2.836492e-01 2.190449e-01 2.312092e-01 8.182212e-03 1.393203e-02 1.662804e-02 1.851408e-02 2.275739e-02 2.188209e-02 2.111713e-02 2.355695e-02 1.947700e-02 1.621985e-02 1.375180e-02 1.124350e-02 8.600008e-03 1.398664e-03 2.205508e-03 2.411194e-03 2.987043e-03 3.470556e-03 3.389369e-03 3.463464e-03 3.863419e-03 3.266270e-03 2.765940e-03 2.342367e-03 1.929585e-03 1.512993e-03
<GCONST> -7.011980e+01
<MIXTURE> 2 1.250000e-01
<MEAN> 39
 5.098419e-01 -3.253588e-01 -2.100972e-01 -3.536785e-01 -2.104290e-01 7.434022e-02 -9.811881e-02 1.310649e-01 1.133228e-01 -3.450640e-02 3.262934e-02 -6.435893e-02 7.746515e-01 8.571197e-03 6.532218e-02 2.420813e-02 4.504227e-02 -3.220556e-03 -4.418573e-02 -1.645736e-02 -2.430852e-02 -1.729872e-02 7.711099e-03 -5.065423e-03 -2.686467e-04 -6.875177e-02 -3.537480e-03 1.559971e-02 7.908897e-03 1.409053e-02 3.607447e-03 -4.261218e-03 8.015146e-04 -1.119135e-02 -8.659256e-03 1.381327e-03 -1.852504e-03 -5.957385e-05 -1.924949e-02
<VARIANCE> 39
 3.482549e-01 4.909656e-01 8.172164e-01 6.348282e-01 7.269208e-01 7.388375e-01 5.756261e-01 5.724005e-01 4.389710e-01 3.355011e-01 2.836492e-01 2.190449e-01 2.312092e-01 8.182212e-03 1.393203e-02 1.662804e-02 1.851408e-02 2.275739e-02 2.188209e-02 2.111713e-02 2.355695e-02 1.947700e-02 1.621985e-02 1.375180e-02 1.124350e-02 8.600008e-03 1.398664e-03 2.205508e-03 2.411194e-03 2.987043e-03 3.470556e-03 3.389369e-03 3.463464e-03 3.863419e-03 3.266270e-03 2.765940e-03 2.342367e-03 1.929585e-03 1.512993e-03
<GCONST> -7.011980e+01
<MIXTURE> 3 1.250000e-01
<MEAN> 39
 5.098419e-01 -3.253588e-01 -2.100972e-01 -3.536785e-01 -2.104290e-01 7.434022e-02 -9.811881e-02 1.310649e-01 1.133228e-01 -3.450640e-02 3.262934e-02 -6.435893e-02 7.746515e-01 8.571197e-03 6.532218e-02 2.420813e-02 4.504227e-02 -3.220556e-03 -4.418573e-02 -1.645736e-02 -2.430852e-02 -1.729872e-02 7.711099e-03 -5.065423e-03 -2.686467e-04 -6.875177e-02 -3.537480e-03 1.559971e-02 7.908897e-03 1.409053e-02 3.607447e-03 -4.261218e-03 8.015146e-04 -1.119135e-02 -8.659256e-03 1.381327e-03 -1.852504e-03 -5.957385e-05 -1.924949e-02
<VARIANCE> 39
 3.482549e-01 4.909656e-01 8.172164e-01 6.348282e-01 7.269208e-01 7.388375e-01 5.756261e-01 5.724005e-01 4.389710e-01 3.355011e-01 2.836492e-01 2.190449e-01 2.312092e-01 8.182212e-03 1.393203e-02 1.662804e-02 1.851408e-02 2.275739e-02 2.188209e-02 2.111713e-02 2.355695e-02 1.947700e-02 1.621985e-02 1.375180e-02 1.124350e-02 8.600008e-03 1.398664e-03 2.205508e-03 2.411194e-03 2.987043e-03 3.470556e-03 3.389369e-03 3.463464e-03 3.863419e-03 3.266270e-03 2.765940e-03 2.342367e-03 1.929585e-03 1.512993e-03
<GCONST> -7.011980e+01
<MIXTURE> 4 1.250000e-01
<MEAN> 39
 5.098419e-01 -3.253588e-01 -2.100972e-01 -3.536785e-01 -2.104290e-01 7.434022e-02 -9.811881e-02 1.310649e-01 1.133228e-01 -3.450640e-02 3.262934e-02 -6.435893e-02 7.746515e-01 8.571197e-03 6.532218e-02 2.420813e-02 4.504227e-02 -3.220556e-03 -4.418573e-02 -1.645736e-02 -2.430852e-02 -1.729872e-02 7.711099e-03 -5.065423e-03 -2.686467e-04 -6.875177e-02 -3.537480e-03 1.559971e-02 7.908897e-03 1.409053e-02 3.607447e-03 -4.261218e-03 8.015146e-04 -1.119135e-02 -8.659256e-03 1.381327e-03 -1.852504e-03 -5.957385e-05 -1.924949e-02
<VARIANCE> 39
 3.482549e-01 4.909656e-01 8.172164e-01 6.348282e-01 7.269208e-01 7.388375e-01 5.756261e-01 5.724005e-01 4.389710e-01 3.355011e-01 2.836492e-01 2.190449e-01 2.312092e-01 8.182212e-03 1.393203e-02 1.662804e-02 1.851408e-02 2.275739e-02 2.188209e-02 2.111713e-02 2.355695e-02 1.947700e-02 1.621985e-02 1.375180e-02 1.124350e-02 8.600008e-03 1.398664e-03 2.205508e-03 2.411194e-03 2.987043e-03 3.470556e-03 3.389369e-03 3.463464e-03 3.863419e-03 3.266270e-03 2.765940e-03 2.342367e-03 1.929585e-03 1.512993e-03
<GCONST> -7.011980e+01
<MIXTURE> 5 1.250000e-01
<MEAN> 39
 5.098419e-01 -3.253588e-01 -2.100972e-01 -3.536785e-01 -2.104290e-01 7.434022e-02 -9.811881e-02 1.310649e-01 1.133228e-01 -3.450640e-02 3.262934e-02 -6.435893e-02 7.746515e-01 8.571197e-03 6.532218e-02 2.420813e-02 4.504227e-02 -3.220556e-03 -4.418573e-02 -1.645736e-02 -2.430852e-02 -1.729872e-02 7.711099e-03 -5.065423e-03 -2.686467e-04 -6.875177e-02 -3.537480e-03 1.559971e-02 7.908897e-03 1.409053e-02 3.607447e-03 -4.261218e-03 8.015146e-04 -1.119135e-02 -8.659256e-03 1.381327e-03 -1.852504e-03 -5.957385e-05 -1.924949e-02
<VARIANCE> 39
 3.482549e-01 4.909656e-01 8.172164e-01 6.348282e-01 7.269208e-01 7.388375e-01 5.756261e-01 5.724005e-01 4.389710e-01 3.355011e-01 2.836492e-01 2.190449e-01 2.312092e-01 8.182212e-03 1.393203e-02 1.662804e-02 1.851408e-02 2.275739e-02 2.188209e-02 2.111713e-02 2.355695e-02 1.947700e-02 1.621985e-02 1.375180e-02 1.124350e-02 8.600008e-03 1.398664e-03 2.205508e-03 2.411194e-03 2.987043e-03 3.470556e-03 3.389369e-03 3.463464e-03 3.863419e-03 3.266270e-03 2.765940e-03 2.342367e-03 1.929585e-03 1.512993e-03
<GCONST> -7.011980e+01
<MIXTURE> 6 1.250000e-01
<MEAN> 39
 5.098419e-01 -3.253588e-01 -2.100972e-01 -3.536785e-01 -2.104290e-01 7.434022e-02 -9.811881e-02 1.310649e-01 1.133228e-01 -3.450640e-02 3.262934e-02 -6.435893e-02 7.746515e-01 8.571197e-03 6.532218e-02 2.420813e-02 4.504227e-02 -3.220556e-03 -4.418573e-02 -1.645736e-02 -2.430852e-02 -1.729872e-02 7.711099e-03 -5.065423e-03 -2.686467e-04 -6.875177e-02 -3.537480e-03 1.559971e-02 7.908897e-03 1.409053e-02 3.607447e-03 -4.261218e-03 8.015146e-04 -1.119135e-02 -8.659256e-03 1.381327e-03 -1.852504e-03 -5.957385e-05 -1.924949e-02
<VARIANCE> 39
 3.482549e-01 4.909656e-01 8.172164e-01 6.348282e-01 7.269208e-01 7.388375e-01 5.756261e-01 5.724005e-01 4.389710e-01 3.355011e-01 2.836492e-01 2.190449e-01 2.312092e-01 8.182212e-03 1.393203e-02 1.662804e-02 1.851408e-02 2.275739e-02 2.188209e-02 2.111713e-02 2.355695e-02 1.947700e-02 1.621985e-02 1.375180e-02 1.124350e-02 8.600008e-03 1.398664e-03 2.205508e-03 2.411194e-03 2.987043e-03 3.470556e-03 3.389369e-03 3.463464e-03 3.863419e-03 3.266270e-03 2.765940e-03 2.342367e-03 1.929585e-03 1.512993e-03
<GCONST> -7.011980e+01
<MIXTURE> 7 1.250000e-01
<MEAN> 39
 5.098419e-01 -3.253588e-01 -2.100972e-01 -3.536785e-01 -2.104290e-01 7.434022e-02 -9.811881e-02 1.310649e-01 1.133228e-01 -3.450640e-02 3.262934e-02 -6.435893e-02 7.746515e-01 8.571197e-03 6.532218e-02 2.420813e-02 4.504227e-02 -3.220556e-03 -4.418573e-02 -1.645736e-02 -2.430852e-02 -1.729872e-02 7.711099e-03 -5.065423e-03 -2.686467e-04 -6.875177e-02 -3.537480e-03 1.559971e-02 7.908897e-03 1.409053e-02 3.607447e-03 -4.261218e-03 8.015146e-04 -1.119135e-02 -8.659256e-03 1.381327e-03 -1.852504e-03 -5.957385e-05 -1.924949e-02
<VARIANCE> 39
 3.482549e-01 4.909656e-01 8.172164e-01 6.348282e-01 7.269208e-01 7.388375e-01 5.756261e-01 5.724005e-01 4.389710e-01 3.355011e-01 2.836492e-01 2.190449e-01 2.312092e-01 8.182212e-03 1.393203e-02 1.662804e-02 1.851408e-02 2.275739e-02 2.188209e-02 2.111713e-02 2.355695e-02 1.947700e-02 1.621985e-02 1.375180e-02 1.124350e-02 8.600008e-03 1.398664e-03 2.205508e-03 2.411194e-03 2.987043e-03 3.470556e-03 3.389369e-03 3.463464e-03 3.863419e-03 3.266270e-03 2.765940e-03 2.342367e-03 1.929585e-03 1.512993e-03
<GCONST> -7.011980e+01
<MIXTURE> 8 1.250000e-01
<MEAN> 39
 5.098419e-01 -3.253588e-01 -2.100972e-01 -3.536785e-01 -2.104290e-01 7.434022e-02 -9.811881e-02 1.310649e-01 1.133228e-01 -3.450640e-02 3.262934e-02 -6.435893e-02 7.746515e-01 8.571197e-03 6.532218e-02 2.420813e-02 4.504227e-02 -3.220556e-03 -4.418573e-02 -1.645736e-02 -2.430852e-02 -1.729872e-02 7.711099e-03 -5.065423e-03 -2.686467e-04 -6.875177e-02 -3.537480e-03 1.559971e-02 7.908897e-03 1.409053e-02 3.607447e-03 -4.261218e-03 8.015146e-04 -1.119135e-02 -8.659256e-03 1.381327e-03 -1.852504e-03 -5.957385e-05 -1.924949e-02
<VARIANCE> 39
 3.482549e-01 4.909656e-01 8.172164e-01 6.348282e-01 7.269208e-01 7.388375e-01 5.756261e-01 5.724005e-01 4.389710e-01 3.355011e-01 2.836492e-01 2.190449e-01 2.312092e-01 8.182212e-03 1.393203e-02 1.662804e-02 1.851408e-02 2.275739e-02 2.188209e-02 2.111713e-02 2.355695e-02 1.947700e-02 1.621985e-02 1.375180e-02 1.124350e-02 8.600008e-03 1.398664e-03 2.205508e-03 2.411194e-03 2.987043e-03 3.470556e-03 3.389369e-03 3.463464e-03 3.863419e-03 3.266270e-03 2.765940e-03 2.342367e-03 1.929585e-03 1.512993e-03
<GCONST> -7.011980e+01
<STATE> 8
<NUMMIXES> 8
<MIXTURE> 1 1.250000e-01
<MEAN> 39
 3.225177e-01 2.838163e-02 -1.189259e-02 -7.770742e-02 -2.050436e-01 -1.456912e-01 -1.262884e-01 -1.903182e-02 -1.131723e-02 2.248278e-02 -1.077082e-03 -4.850691e-02 4.611560e-01 -1.239322e-02 9.918134e-02 3.496964e-02 8.893356e-02 2.314774e-02 -3.851537e-02 -1.026943e-02 -6.082405e-02 -3.940250e-02 6.649014e-03 -1.257852e-02 -3.443272e-03 -1.204198e-01 -1.091546e-02 1.660176e-03 2.277363e-03 6.128894e-03 1.109010e-02 7.991594e-03 5.619812e-03 -2.275601e-03 -3.728631e-03 -6.461461e-03 -3.549736e-03 8.288990e-04 -9.919219e-03
<VARIANCE> 39
 7.434282e-01 4.931772e-01 7.136064e-01 5.588670e-01 6.322481e-01 5.825968e-01 4.753573e-01 5.269874e-01 4.375450e-01 3.102038e-01 2.609736e-01 2.125375e-01 2.921015e-01 1.760522e-02 2.046641e-02 2.166582e-02 2.296197e-02 2.716419e-02 2.687371e-02 2.475261e-02 2.840865e-02 2.427910e-02 2.010643e-02 1.636303e-02 1.319475e-02 1.511983e-02 3.085704e-03 3.410395e-03 3.625953e-03 4.443523e-03 4.991149e-03 4.605083e-03 4.502695e-03 5.378423e-03 4.554090e-03 3.780334e-03 3.064279e-03 2.476053e-03 2.781316e-03
<GCONST> -6.147276e+01
<MIXTURE> 2 1.250000e-01
<MEAN> 39
 3.225177e-01 2.838163e-02 -1.189259e-02 -7.770742e-02 -2.050436e-01 -1.456912e-01 -1.262884e-01 -1.903182e-02 -1.131723e-02 2.248278e-02 -1.077082e-03 -4.850691e-02 4.611560e-01 -1.239322e-02 9.918134e-02 3.496964e-02 8.893356e-02 2.314774e-02 -3.851537e-02 -1.026943e-02 -6.082405e-02 -3.940250e-02 6.649014e-03 -1.257852e-02 -3.443272e-03 -1.204198e-01 -1.091546e-02 1.660176e-03 2.277363e-03 6.128894e-03 1.109010e-02 7.991594e-03 5.619812e-03 -2.275601e-03 -3.728631e-03 -6.461461e-03 -3.549736e-03 8.288990e-04 -9.919219e-03
<VARIANCE> 39
 7.434282e-01 4.931772e-01 7.136064e-01 5.588670e-01 6.322481e-01 5.825968e-01 4.753573e-01 5.269874e-01 4.375450e-01 3.102038e-01 2.609736e-01 2.125375e-01 2.921015e-01 1.760522e-02 2.046641e-02 2.166582e-02 2.296197e-02 2.716419e-02 2.687371e-02 2.475261e-02 2.840865e-02 2.427910e-02 2.010643e-02 1.636303e-02 1.319475e-02 1.511983e-02 3.085704e-03 3.410395e-03 3.625953e-03 4.443523e-03 4.991149e-03 4.605083e-03 4.502695e-03 5.378423e-03 4.554090e-03 3.780334e-03 3.064279e-03 2.476053e-03 2.781316e-03
<GCONST> -6.147276e+01
<MIXTURE> 3 1.250000e-01
<MEAN> 39
 3.225177e-01 2.838163e-02 -1.189259e-02 -7.770742e-02 -2.050436e-01 -1.456912e-01 -1.262884e-01 -1.903182e-02 -1.131723e-02 2.248278e-02 -1.077082e-03 -4.850691e-02 4.611560e-01 -1.239322e-02 9.918134e-02 3.496964e-02 8.893356e-02 2.314774e-02 -3.851537e-02 -1.026943e-02 -6.082405e-02 -3.940250e-02 6.649014e-03 -1.257852e-02 -3.443272e-03 -1.204198e-01 -1.091546e-02 1.660176e-03 2.277363e-03 6.128894e-03 1.109010e-02 7.991594e-03 5.619812e-03 -2.275601e-03 -3.728631e-03 -6.461461e-03 -3.549736e-03 8.288990e-04 -9.919219e-03
<VARIANCE> 39
 7.434282e-01 4.931772e-01 7.136064e-01 5.588670e-01 6.322481e-01 5.825968e-01 4.753573e-01 5.269874e-01 4.375450e-01 3.102038e-01 2.609736e-01 2.125375e-01 2.921015e-01 1.760522e-02 2.046641e-02 2.166582e-02 2.296197e-02 2.716419e-02 2.687371e-02 2.475261e-02 2.840865e-02 2.427910e-02 2.010643e-02 1.636303e-02 1.319475e-02 1.511983e-02 3.085704e-03 3.410395e-03 3.625953e-03 4.443523e-03 4.991149e-03 4.605083e-03 4.502695e-03 5.378423e-03 4.554090e-03 3.780334e-03 3.064279e-03 2.476053e-03 2.781316e-03
<GCONST> -6.147276e+01
<MIXTURE> 4 1.250000e-01
<MEAN> 39
 3.225177e-01 2.838163e-02 -1.189259e-02 -7.770742e-02 -2.050436e-01 -1.456912e-01 -1.262884e-01 -1.903182e-02 -1.131723e-02 2.248278e-02 -1.077082e-03 -4.850691e-02 4.611560e-01 -1.239322e-02 9.918134e-02 3.496964e-02 8.893356e-02 2.314774e-02 -3.851537e-02 -1.026943e-02 -6.082405e-02 -3.940250e-02 6.649014e-03 -1.257852e-02 -3.443272e-03 -1.204198e-01 -1.091546e-02 1.660176e-03 2.277363e-03 6.128894e-03 1.109010e-02 7.991594e-03 5.619812e-03 -2.275601e-03 -3.728631e-03 -6.461461e-03 -3.549736e-03 8.288990e-04 -9.919219e-03
<VARIANCE> 39
 7.434282e-01 4.931772e-01 7.136064e-01 5.588670e-01 6.322481e-01 5.825968e-01 4.753573e-01 5.269874e-01 4.375450e-01 3.102038e-01 2.609736e-01 2.125375e-01 2.921015e-01 1.760522e-02 2.046641e-02 2.166582e-02 2.296197e-02 2.716419e-02 2.687371e-02 2.475261e-02 2.840865e-02 2.427910e-02 2.010643e-02 1.636303e-02 1.319475e-02 1.511983e-02 3.085704e-03 3.410395e-03 3.625953e-03 4.443523e-03 4.991149e-03 4.605083e-03 4.502695e-03 5.378423e-03 4.554090e-03 3.780334e-03 3.064279e-03 2.476053e-03 2.781316e-03
<GCONST> -6.147276e+01
<MIXTURE> 5 1.250000e-01
<MEAN> 39
 3.225177e-01 2.838163e-02 -1.189259e-02 -7.770742e-02 -2.050436e-01 -1.456912e-01 -1.262884e-01 -1.903182e-02 -1.131723e-02 2.248278e-02 -1.077082e-03 -4.850691e-02 4.611560e-01 -1.239322e-02 9.918134e-02 3.496964e-02 8.893356e-02 2.314774e-02 -3.851537e-02 -1.026943e-02 -6.082405e-02 -3.940250e-02 6.649014e-03 -1.257852e-02 -3.443272e-03 -1.204198e-01 -1.091546e-02 1.660176e-03 2.277363e-03 6.128894e-03 1.109010e-02 7.991594e-03 5.619812e-03 -2.275601e-03 -3.728631e-03 -6.461461e-03 -3.549736e-03 8.288990e-04 -9.919219e-03
<VARIANCE> 39
 7.434282e-01 4.931772e-01 7.136064e-01 5.588670e-01 6.322481e-01 5.825968e-01 4.753573e-01 5.269874e-01 4.375450e-01 3.102038e-01 2.609736e-01 2.125375e-01 2.921015e-01 1.760522e-02 2.046641e-02 2.166582e-02 2.296197e-02 2.716419e-02 2.687371e-02 2.475261e-02 2.840865e-02 2.427910e-02 2.010643e-02 1.636303e-02 1.319475e-02 1.511983e-02 3.085704e-03 3.410395e-03 3.625953e-03 4.443523e-03 4.991149e-03 4.605083e-03 4.502695e-03 5.378423e-03 4.554090e-03 3.780334e-03 3.064279e-03 2.476053e-03 2.781316e-03
<GCONST> -6.147276e+01
<MIXTURE> 6 1.250000e-01
<MEAN> 39
 3.225177e-01 2.838163e-02 -1.189259e-02 -7.770742e-02 -2.050436e-01 -1.456912e-01 -1.262884e-01 -1.903182e-02 -1.131723e-02 2.248278e-02 -1.077082e-03 -4.850691e-02 4.611560e-01 -1.239322e-02 9.918134e-02 3.496964e-02 8.893356e-02 2.314774e-02 -3.851537e-02 -1.026943e-02 -6.082405e-02 -3.940250e-02 6.649014e-03 -1.257852e-02 -3.443272e-03 -1.204198e-01 -1.091546e-02 1.660176e-03 2.277363e-03 6.128894e-03 1.109010e-02 7.991594e-03 5.619812e-03 -2.275601e-03 -3.728631e-03 -6.461461e-03 -3.549736e-03 8.288990e-04 -9.919219e-03
<VARIANCE> 39
 7.434282e-01 4.931772e-01 7.136064e-01 5.588670e-01 6.322481e-01 5.825968e-01 4.753573e-01 5.269874e-01 4.375450e-01 3.102038e-01 2.609736e-01 2.125375e-01 2.921015e-01 1.760522e-02 2.046641e-02 2.166582e-02 2.296197e-02 2.716419e-02 2.687371e-02 2.475261e-02 2.840865e-02 2.427910e-02 2.010643e-02 1.636303e-02 1.319475e-02 1.511983e-02 3.085704e-03 3.410395e-03 3.625953e-03 4.443523e-03 4.991149e-03 4.605083e-03 4.502695e-03 5.378423e-03 4.554090e-03 3.780334e-03 3.064279e-03 2.476053e-03 2.781316e-03
<GCONST> -6.147276e+01
<MIXTURE> 7 1.250000e-01
<MEAN> 39
 3.225177e-01 2.838163e-02 -1.189259e-02 -7.770742e-02 -2.050436e-01 -1.456912e-01 -1.262884e-01 -1.903182e-02 -1.131723e-02 2.248278e-02 -1.077082e-03 -4.850691e-02 4.611560e-01 -1.239322e-02 9.918134e-02 3.496964e-02 8.893356e-02 2.314774e-02 -3.851537e-02 -1.026943e-02 -6.082405e-02 -3.940250e-02 6.649014e-03 -1.257852e-02 -3.443272e-03 -1.204198e-01 -1.091546e-02 1.660176e-03 2.277363e-03 6.128894e-03 1.109010e-02 7.991594e-03 5.619812e-03 -2.275601e-03 -3.728631e-03 -6.461461e-03 -3.549736e-03 8.288990e-04 -9.919219e-03
<VARIANCE> 39
 7.434282e-01 4.931772e-01 7.136064e-01 5.588670e-01 6.322481e-01 5.825968e-01 4.753573e-01 5.269874e-01 4.375450e-01 3.102038e-01 2.609736e-01 2.125375e-01 2.921015e-01 1.760522e-02 2.046641e-02 2.166582e-02 2.296197e-02 2.716419e-02 2.687371e-02 2.475261e-02 2.840865e-02 2.427910e-02 2.010643e-02 1.636303e-02 1.319475e-02 1.511983e-02 3.085704e-03 3.410395e-03 3.625953e-03 4.443523e-03 4.991149e-03 4.605083e-03 4.502695e-03 5.378423e-03 4.554090e-03 3.780334e-03 3.064279e-03 2.476053e-03 2.781316e-03
<GCONST> -6.147276e+01
<MIXTURE> 8 1.250000e-01
<MEAN> 39
 3.225177e-01 2.838163e-02 -1.189259e-02 -7.770742e-02 -2.050436e-01 -1.456912e-01 -1.262884e-01 -1.903182e-02 -1.131723e-02 2.248278e-02 -1.077082e-03 -4.850691e-02 4.611560e-01 -1.239322e-02 9.918134e-02 3.496964e-02 8.893356e-02 2.314774e-02 -3.851537e-02 -1.026943e-02 -6.082405e-02 -3.940250e-02 6.649014e-03 -1.257852e-02 -3.443272e-03 -1.204198e-01 -1.091546e-02 1.660176e-03 2.277363e-03 6.128894e-03 1.109010e-02 7.991594e-03 5.619812e-03 -2.275601e-03 -3.728631e-03 -6.461461e-03 -3.549736e-03 8.288990e-04 -9.919219e-03
<VARIANCE> 39
 7.434282e-01 4.931772e-01 7.136064e-01 5.588670e-01 6.322481e-01 5.825968e-01 4.753573e-01 5.269874e-01 4.375450e-01 3.102038e-01 2.609736e-01 2.125375e-01 2.921015e-01 1.760522e-02 2.046641e-02 2.166582e-02 2.296197e-02 2.716419e-02 2.687371e-02 2.475261e-02 2.840865e-02 2.427910e-02 2.010643e-02 1.636303e-02 1.319475e-02 1.511983e-02 3.085704e-03 3.410395e-03 3.625953e-03 4.443523e-03 4.991149e-03 4.605083e-03 4.502695e-03 5.378423e-03 4.554090e-03 3.780334e-03 3.064279e-03 2.476053e-03 2.781316e-03
<GCONST> -6.147276e+01
<STATE> 9
<NUMMIXES> 8
<MIXTURE> 1 1.250000e-01
<MEAN> 39
 -1.113356e-01 2.720972e-01 -1.360535e-02 9.936041e-02 -3.107511e-02 -1.751173e-01 -5.484994e-02 -9.620239e-02 -4.431330e-02 2.413491e-02 -1.235444e-02 -3.017724e-03 2.467902e-01 -3.592744e-02 7.374121e-02 2.824566e-02 7.807661e-02 4.211022e-02 -1.382590e-02 2.796575e-04 -4.308387e-02 -3.091635e-02 -9.859718e-03 -1.681346e-02 -2.161471e-03 -1.151025e-01 4.081191e-03 -1.744163e-02 -1.991223e-03 -1.227175e-02 5.600529e-04 8.526597e-03 2.684806e-03 1.016444e-02 5.509989e-03 -5.982719e-03 -1.028321e-03 8.747489e-04 1.076315e-02
<VARIANCE> 39
 1.286416e+00 5.305862e-01 6.073812e-01 4.876372e-01 6.003632e-01 4.915938e-01 4.322700e-01 4.413786e-01 3.777234e-01 2.730052e-01 2.283601e-01 1.921873e-01 3.057654e-01 3.745122e-02 2.751767e-02 2.657165e-02 2.871431e-02 2.964958e-02 2.935281e-02 2.611493e-02 2.905175e-02 2.555980e-02 2.052131e-02 1.631074e-02 1.294811e-02 2.322793e-02 7.133616e-03 4.466978e-03 4.547605e-03 4.875335e-03 6.162358e-03 5.493102e-03 5.201851e-03 5.941106e-03 5.214063e-03 4.210860e-03 3.414853e-03 2.713765e-03 3.622096e-03
<GCONST> -5.713105e+01
<MIXTURE> 2 1.250000e-01
<MEAN> 39
 -1.113356e-01 2.720972e-01 -1.360535e-02 9.936041e-02 -3.107511e-02 -1.751173e-01 -5.484994e-02 -9.620239e-02 -4.431330e-02 2.413491e-02 -1.235444e-02 -3.017724e-03 2.467902e-01 -3.592744e-02 7.374121e-02 2.824566e-02 7.807661e-02 4.211022e-02 -1.382590e-02 2.796575e-04 -4.308387e-02 -3.091635e-02 -9.859718e-03 -1.681346e-02 -2.161471e-03 -1.151025e-01 4.081191e-03 -1.744163e-02 -1.991223e-03 -1.227175e-02 5.600529e-04 8.526597e-03 2.684806e-03 1.016444e-02 5.509989e-03 -5.982719e-03 -1.028321e-03 8.747489e-04 1.076315e-02
<VARIANCE> 39
 1.286416e+00 5.305862e-01 6.073812e-01 4.876372e-01 6.003632e-01 4.915938e-01 4.322700e-01 4.413786e-01 3.777234e-01 2.730052e-01 2.283601e-01 1.921873e-01 3.057654e-01 3.745122e-02 2.751767e-02 2.657165e-02 2.871431e-02 2.964958e-02 2.935281e-02 2.611493e-02 2.905175e-02 2.555980e-02 2.052131e-02 1.631074e-02 1.294811e-02 2.322793e-02 7.133616e-03 4.466978e-03 4.547605e-03 4.875335e-03 6.162358e-03 5.493102e-03 5.201851e-03 5.941106e-03 5.214063e-03 4.210860e-03 3.414853e-03 2.713765e-03 3.622096e-03
<GCONST> -5.713105e+01
<MIXTURE> 3 1.250000e-01
<MEAN> 39
 -1.113356e-01 2.720972e-01 -1.360535e-02 9.936041e-02 -3.107511e-02 -1.751173e-01 -5.484994e-02 -9.620239e-02 -4.431330e-02 2.413491e-02 -1.235444e-02 -3.017724e-03 2.467902e-01 -3.592744e-02 7.374121e-02 2.824566e-02 7.807661e-02 4.211022e-02 -1.382590e-02 2.796575e-04 -4.308387e-02 -3.091635e-02 -9.859718e-03 -1.681346e-02 -2.161471e-03 -1.151025e-01 4.081191e-03 -1.744163e-02 -1.991223e-03 -1.227175e-02 5.600529e-04 8.526597e-03 2.684806e-03 1.016444e-02 5.509989e-03 -5.982719e-03 -1.028321e-03 8.747489e-04 1.076315e-02
<VARIANCE> 39
 1.286416e+00 5.305862e-01 6.073812e-01 4.876372e-01 6.003632e-01 4.915938e-01 4.322700e-01 4.413786e-01 3.777234e-01 2.730052e-01 2.283601e-01 1.921873e-01 3.057654e-01 3.745122e-02 2.751767e-02 2.657165e-02 2.871431e-02 2.964958e-02 2.935281e-02 2.611493e-02 2.905175e-02 2.555980e-02 2.052131e-02 1.631074e-02 1.294811e-02 2.322793e-02 7.133616e-03 4.466978e-03 4.547605e-03 4.875335e-03 6.162358e-03 5.493102e-03 5.201851e-03 5.941106e-03 5.214063e-03 4.210860e-03 3.414853e-03 2.713765e-03 3.622096e-03
<GCONST> -5.713105e+01
<MIXTURE> 4 1.250000e-01
<MEAN> 39
 -1.113356e-01 2.720972e-01 -1.360535e-02 9.936041e-02 -3.107511e-02 -1.751173e-01 -5.484994e-02 -9.620239e-02 -4.431330e-02 2.413491e-02 -1.235444e-02 -3.017724e-03 2.467902e-01 -3.592744e-02 7.374121e-02 2.824566e-02 7.807661e-02 4.211022e-02 -1.382590e-02 2.796575e-04 -4.308387e-02 -3.091635e-02 -9.859718e-03 -1.681346e-02 -2.161471e-03 -1.151025e-01 4.081191e-03 -1.744163e-02 -1.991223e-03 -1.227175e-02 5.600529e-04 8.526597e-03 2.684806e-03 1.016444e-02 5.509989e-03 -5.982719e-03 -1.028321e-03 8.747489e-04 1.076315e-02
<VARIANCE> 39
 1.286416e+00 5.305862e-01 6.073812e-01 4.876372e-01 6.003632e-01 4.915938e-01 4.322700e-01 4.413786e-01 3.777234e-01 2.730052e-01 2.283601e-01 1.921873e-01 3.057654e-01 3.745122e-02 2.751767e-02 2.657165e-02 2.871431e-02 2.964958e-02 2.935281e-02 2.611493e-02 2.905175e-02 2.555980e-02 2.052131e-02 1.631074e-02 1.294811e-02 2.322793e-02 7.133616e-03 4.466978e-03 4.547605e-03 4.875335e-03 6.162358e-03 5.493102e-03 5.201851e-03 5.941106e-03 5.214063e-03 4.210860e-03 3.414853e-03 2.713765e-03 3.622096e-03
<GCONST> -5.713105e+01
<MIXTURE> 5 1.250000e-01
<MEAN> 39
 -1.113356e-01 2.720972e-01 -1.360535e-02 9.936041e-02 -3.107511e-02 -1.751173e-01 -5.484994e-02 -9.620239e-02 -4.431330e-02 2.413491e-02 -1.235444e-02 -3.017724e-03 2.467902e-01 -3.592744e-02 7.374121e-02 2.824566e-02 7.807661e-02 4.211022e-02 -1.382590e-02 2.796575e-04 -4.308387e-02 -3.091635e-02 -9.859718e-03 -1.681346e-02 -2.161471e-03 -1.151025e-01 4.081191e-03 -1.744163e-02 -1.991223e-03 -1.227175e-02 5.600529e-04 8.526597e-03 2.684806e-03 1.016444e-02 5.509989e-03 -5.982719e-03 -1.028321e-03 8.747489e-04 1.076315e-02
<VARIANCE> 39
 1.286416e+00 5.305862e-01 6.073812e-01 4.876372e-01 6.003632e-01 4.915938e-01 4.322700e-01 4.413786e-01 3.777234e-01 2.730052e-01 2.283601e-01 1.921873e-01 3.057654e-01 3.745122e-02 2.751767e-02 2.657165e-02 2.871431e-02 2.964958e-02 2.935281e-02 2.611493e-02 2.905175e-02 2.555980e-02 2.052131e-02 1.631074e-02 1.294811e-02 2.322793e-02 7.133616e-03 4.466978e-03 4.547605e-03 4.875335e-03 6.162358e-03 5.493102e-03 5.201851e-03 5.941106e-03 5.214063e-03 4.210860e-03 3.414853e-03 2.713765e-03 3.622096e-03
<GCONST> -5.713105e+01
<MIXTURE> 6 1.250000e-01
<MEAN> 39
 -1.113356e-01 2.720972e-01 -1.360535e-02 9.936041e-02 -3.107511e-02 -1.751173e-01 -5.484994e-02 -9.620239e-02 -4.431330e-02 2.413491e-02 -1.235444e-02 -3.017724e-03 2.467902e-01 -3.592744e-02 7.374121e-02 2.824566e-02 7.807661e-02 4.211022e-02 -1.382590e-02 2.796575e-04 -4.308387e-02 -3.091635e-02 -9.859718e-03 -1.681346e-02 -2.161471e-03 -1.151025e-01 4.081191e-03 -1.744163e-02 -1.991223e-03 -1.227175e-02 5.600529e-04 8.526597e-03 2.684806e-03 1.016444e-02 5.509989e-03 -5.982719e-03 -1.028321e-03 8.747489e-04 1.076315e-02
<VARIANCE> 39
 1.286416e+00 5.305862e-01 6.073812e-01 4.876372e-01 6.003632e-01 4.915938e-01 4.322700e-01 4.413786e-01 3.777234e-01 2.730052e-01 2.283601e-01 1.921873e-01 3.057654e-01 3.745122e-02 2.751767e-02 2.657165e-02 2.871431e-02 2.964958e-02 2.935281e-02 2.611493e-02 2.905175e-02 2.555980e-02 2.052131e-02 1.631074e-02 1.294811e-02 2.322793e-02 7.133616e-03 4.466978e-03 4.547605e-03 4.875335e-03 6.162358e-03 5.493102e-03 5.201851e-03 5.941106e-03 5.214063e-03 4.210860e-03 3.414853e-03 2.713765e-03 3.622096e-03
<GCONST> -5.713105e+01
<MIXTURE> 7 1.250000e-01
<MEAN> 39
 -1.113356e-01 2.720972e-01 -1.360535e-02 9.936041e-02 -3.107511e-02 -1.751173e-01 -5.484994e-02 -9.620239e-02 -4.431330e-02 2.413491e-02 -1.235444e-02 -3.017724e-03 2.467902e-01 -3.592744e-02 7.374121e-02 2.824566e-02 7.807661e-02 4.211022e-02 -1.382590e-02 2.796575e-04 -4.308387e-02 -3.091635e-02 -9.859718e-03 -1.681346e-02 -2.161471e-03 -1.151025e-01 4.081191e-03 -1.744163e-02 -1.991223e-03 -1.227175e-02 5.600529e-04 8.526597e-03 2.684806e-03 1.016444e-02 5.509989e-03 -5.982719e-03 -1.028321e-03 8.747489e-04 1.076315e-02
<VARIANCE> 39
 1.286416e+00 5.305862e-01 6.073812e-01 4.876372e-01 6.003632e-01 4.915938e-01 4.322700e-01 4.413786e-01 3.777234e-01 2.730052e-01 2.283601e-01 1.921873e-01 3.057654e-01 3.745122e-02 2.751767e-02 2.657165e-02 2.871431e-02 2.964958e-02 2.935281e-02 2.611493e-02 2.905175e-02 2.555980e-02 2.052131e-02 1.631074e-02 1.294811e-02 2.322793e-02 7.133616e-03 4.466978e-03 4.547605e-03 4.875335e-03 6.162358e-03 5.493102e-03 5.201851e-03 5.941106e-03 5.214063e-03 4.210860e-03 3.414853e-03 2.713765e-03 3.622096e-03
<GCONST> -5.713105e+01
<MIXTURE> 8 1.250000e-01
<MEAN> 39
 -1.113356e-01 2.720972e-01 -1.360535e-02 9.936041e-02 -3.107511e-02 -1.751173e-01 -5.484994e-02 -9.620239e-02 -4.431330e-02 2.413491e-02 -1.235444e-02 -3.017724e-03 2.467902e-01 -3.592744e-02 7.374121e-02 2.824566e-02 7.807661e-02 4.211022e-02 -1.382590e-02 2.796575e-04 -4.308387e-02 -3.091635e-02 -9.859718e-03 -1.681346e-02 -2.161471e-03 -1.151025e-01 4.081191e-03 -1.744163e-02 -1.991223e-03 -1.227175e-02 5.600529e-04 8.526597e-03 2.684806e-03 1.016444e-02 5.509989e-03 -5.982719e-03 -1.028321e-03 8.747489e-04 1.076315e-02
<VARIANCE> 39
 1.286416e+00 5.305862e-01 6.073812e-01 4.876372e-01 6.003632e-01 4.915938e-01 4.322700e-01 4.413786e-01 3.777234e-01 2.730052e-01 2.283601e-01 1.921873e-01 3.057654e-01 3.745122e-02 2.751767e-02 2.657165e-02 2.871431e-02 2.964958e-02 2.935281e-02 2.611493e-02 2.905175e-02 2.555980e-02 2.052131e-02 1.631074e-02 1.294811e-02 2.322793e-02 7.133616e-03 4.466978e-03 4.547605e-03 4.875335e-03 6.162358e-03 5.493102e-03 5.201851e-03 5.941106e-03 5.214063e-03 4.210860e-03 3.414853e-03 2.713765e-03 3.622096e-03
<GCONST> -5.713105e+01
<STATE> 10
<NUMMIXES> 8
<MIXTURE> 1 1.250000e-01
<MEAN> 39
 8.631150e-02 2.602957e-01 1.467256e-01 2.235074e-01 -5.158701e-02 -2.395214e-01 -1.238417e-01 -1.470687e-01 -9.295362e-02 -2.081729e-02 -6.691801e-02 -2.603207e-02 4.956567e-02 -1.741289e-02 1.026531e-02 8.527362e-03 1.516743e-02 1.500374e-02 -1.939378e-03 4.606798e-03 1.358357e-03 -2.359379e-03 -1.125350e-02 -3.147817e-03 3.669180e-03 -2.512080e-02 -5.231895e-03 -2.327720e-02 -1.221948e-02 -2.905268e-02 -9.204829e-03 1.074404e-02 5.784949e-03 1.746060e-02 1.125270e-02 5.511770e-03 9.073302e-03 2.572552e-03 2.945804e-02
<VARIANCE> 39
 7.743033e-01 4.586220e-01 5.344103e-01 4.475268e-01 5.376254e-01 4.695921e-01 4.056777e-01 4.341958e-01 3.935560e-01 2.866906e-01 2.328613e-01 1.852678e-01 4.218987e-01 7.615539e-02 4.152818e-02 4.207121e-02 4.550026e-02 5.417031e-02 4.579442e-02 3.898466e-02 4.455324e-02 3.749676e-02 2.860526e-02 2.342923e-02 1.876614e-02 4.717564e-02 9.630231e-03 6.661563e-03 6.295744e-03 6.845812e-03 8.496696e-03 7.456284e-03 6.835754e-03 7.744592e-03 6.819268e-03 5.431049e-03 4.381150e-03 3.434716e-03 6.624140e-03
<GCONST> -4.762477e+01
<MIXTURE> 2 1.250000e-01
<MEAN> 39
 8.631150e-02 2.602957e-01 1.467256e-01 2.235074e-01 -5.158701e-02 -2.395214e-01 -1.238417e-01 -1.470687e-01 -9.295362e-02 -2.081729e-02 -6.691801e-02 -2.603207e-02 4.956567e-02 -1.741289e-02 1.026531e-02 8.527362e-03 1.516743e-02 1.500374e-02 -1.939378e-03 4.606798e-03 1.358357e-03 -2.359379e-03 -1.125350e-02 -3.147817e-03 3.669180e-03 -2.512080e-02 -5.231895e-03 -2.327720e-02 -1.221948e-02 -2.905268e-02 -9.204829e-03 1.074404e-02 5.784949e-03 1.746060e-02 1.125270e-02 5.511770e-03 9.073302e-03 2.572552e-03 2.945804e-02
<VARIANCE> 39
 7.743033e-01 4.586220e-01 5.344103e-01 4.475268e-01 5.376254e-01 4.695921e-01 4.056777e-01 4.341958e-01 3.935560e-01 2.866906e-01 2.328613e-01 1.852678e-01 4.218987e-01 7.615539e-02 4.152818e-02 4.207121e-02 4.550026e-02 5.417031e-02 4.579442e-02 3.898466e-02 4.455324e-02 3.749676e-02 2.860526e-02 2.342923e-02 1.876614e-02 4.717564e-02 9.630231e-03 6.661563e-03 6.295744e-03 6.845812e-03 8.496696e-03 7.456284e-03 6.835754e-03 7.744592e-03 6.819268e-03 5.431049e-03 4.381150e-03 3.434716e-03 6.624140e-03
<GCONST> -4.762477e+01
<MIXTURE> 3 1.250000e-01
<MEAN> 39
 8.631150e-02 2.602957e-01 1.467256e-01 2.235074e-01 -5.158701e-02 -2.395214e-01 -1.238417e-01 -1.470687e-01 -9.295362e-02 -2.081729e-02 -6.691801e-02 -2.603207e-02 4.956567e-02 -1.741289e-02 1.026531e-02 8.527362e-03 1.516743e-02 1.500374e-02 -1.939378e-03 4.606798e-03 1.358357e-03 -2.359379e-03 -1.125350e-02 -3.147817e-03 3.669180e-03 -2.512080e-02 -5.231895e-03 -2.327720e-02 -1.221948e-02 -2.905268e-02 -9.204829e-03 1.074404e-02 5.784949e-03 1.746060e-02 1.125270e-02 5.511770e-03 9.073302e-03 2.572552e-03 2.945804e-02
<VARIANCE> 39
 7.743033e-01 4.586220e-01 5.344103e-01 4.475268e-01 5.376254e-01 4.695921e-01 4.056777e-01 4.341958e-01 3.935560e-01 2.866906e-01 2.328613e-01 1.852678e-01 4.218987e-01 7.615539e-02 4.152818e-02 4.207121e-02 4.550026e-02 5.417031e-02 4.579442e-02 3.898466e-02 4.455324e-02 3.749676e-02 2.860526e-02 2.342923e-02 1.876614e-02 4.717564e-02 9.630231e-03 6.661563e-03 6.295744e-03 6.845812e-03 8.496696e-03 7.456284e-03 6.835754e-03 7.744592e-03 6.819268e-03 5.431049e-03 4.381150e-03 3.434716e-03 6.624140e-03
<GCONST> -4.762477e+01
<MIXTURE> 4 1.250000e-01
<MEAN> 39
 8.631150e-02 2.602957e-01 1.467256e-01 2.235074e-01 -5.158701e-02 -2.395214e-01 -1.238417e-01 -1.470687e-01 -9.295362e-02 -2.081729e-02 -6.691801e-02 -2.603207e-02 4.956567e-02 -1.741289e-02 1.026531e-02 8.527362e-03 1.516743e-02 1.500374e-02 -1.939378e-03 4.606798e-03 1.358357e-03 -2.359379e-03 -1.125350e-02 -3.147817e-03 3.669180e-03 -2.512080e-02 -5.231895e-03 -2.327720e-02 -1.221948e-02 -2.905268e-02 -9.204829e-03 1.074404e-02 5.784949e-03 1.746060e-02 1.125270e-02 5.511770e-03 9.073302e-03 2.572552e-03 2.945804e-02
<VARIANCE> 39
 7.743033e-01 4.586220e-01 5.344103e-01 4.475268e-01 5.376254e-01 4.695921e-01 4.056777e-01 4.341958e-01 3.935560e-01 2.866906e-01 2.328613e-01 1.852678e-01 4.218987e-01 7.615539e-02 4.152818e-02 4.207121e-02 4.550026e-02 5.417031e-02 4.579442e-02 3.898466e-02 4.455324e-02 3.749676e-02 2.860526e-02 2.342923e-02 1.876614e-02 4.717564e-02 9.630231e-03 6.661563e-03 6.295744e-03 6.845812e-03 8.496696e-03 7.456284e-03 6.835754e-03 7.744592e-03 6.819268e-03 5.431049e-03 4.381150e-03 3.434716e-03 6.624140e-03
<GCONST> -4.762477e+01
<MIXTURE> 5 1.250000e-01
<MEAN> 39
 8.631150e-02 2.602957e-01 1.467256e-01 2.235074e-01 -5.158701e-02 -2.395214e-01 -1.238417e-01 -1.470687e-01 -9.295362e-02 -2.081729e-02 -6.691801e-02 -2.603207e-02 4.956567e-02 -1.741289e-02 1.026531e-02 8.527362e-03 1.516743e-02 1.500374e-02 -1.939378e-03 4.606798e-03 1.358357e-03 -2.359379e-03 -1.125350e-02 -3.147817e-03 3.669180e-03 -2.512080e-02 -5.231895e-03 -2.327720e-02 -1.221948e-02 -2.905268e-02 -9.204829e-03 1.074404e-02 5.784949e-03 1.746060e-02 1.125270e-02 5.511770e-03 9.073302e-03 2.572552e-03 2.945804e-02
<VARIANCE> 39
 7.743033e-01 4.586220e-01 5.344103e-01 4.475268e-01 5.376254e-01 4.695921e-01 4.056777e-01 4.341958e-01 3.935560e-01 2.866906e-01 2.328613e-01 1.852678e-01 4.218987e-01 7.615539e-02 4.152818e-02 4.207121e-02 4.550026e-02 5.417031e-02 4.579442e-02 3.898466e-02 4.455324e-02 3.749676e-02 2.860526e-02 2.342923e-02 1.876614e-02 4.717564e-02 9.630231e-03 6.661563e-03 6.295744e-03 6.845812e-03 8.496696e-03 7.456284e-03 6.835754e-03 7.744592e-03 6.819268e-03 5.431049e-03 4.381150e-03 3.434716e-03 6.624140e-03
<GCONST> -4.762477e+01
<MIXTURE> 6 1.250000e-01
<MEAN> 39
 8.631150e-02 2.602957e-01 1.467256e-01 2.235074e-01 -5.158701e-02 -2.395214e-01 -1.238417e-01 -1.470687e-01 -9.295362e-02 -2.081729e-02 -6.691801e-02 -2.603207e-02 4.956567e-02 -1.741289e-02 1.026531e-02 8.527362e-03 1.516743e-02 1.500374e-02 -1.939378e-03 4.606798e-03 1.358357e-03 -2.359379e-03 -1.125350e-02 -3.147817e-03 3.669180e-03 -2.512080e-02 -5.231895e-03 -2.327720e-02 -1.221948e-02 -2.905268e-02 -9.204829e-03 1.074404e-02 5.784949e-03 1.746060e-02 1.125270e-02 5.511770e-03 9.073302e-03 2.572552e-03 2.945804e-02
<VARIANCE> 39
 7.743033e-01 4.586220e-01 5.344103e-01 4.475268e-01 5.376254e-01 4.695921e-01 4.056777e-01 4.341958e-01 3.935560e-01 2.866906e-01 2.328613e-01 1.852678e-01 4.218987e-01 7.615539e-02 4.152818e-02 4.207121e-02 4.550026e-02 5.417031e-02 4.579442e-02 3.898466e-02 4.455324e-02 3.749676e-02 2.860526e-02 2.342923e-02 1.876614e-02 4.717564e-02 9.630231e-03 6.661563e-03 6.295744e-03 6.845812e-03 8.496696e-03 7.456284e-03 6.835754e-03 7.744592e-03 6.819268e-03 5.431049e-03 4.381150e-03 3.434716e-03 6.624140e-03
<GCONST> -4.762477e+01
<MIXTURE> 7 1.250000e-01
<MEAN> 39
 8.631150e-02 2.602957e-01 1.467256e-01 2.235074e-01 -5.158701e-02 -2.395214e-01 -1.238417e-01 -1.470687e-01 -9.295362e-02 -2.081729e-02 -6.691801e-02 -2.603207e-02 4.956567e-02 -1.741289e-02 1.026531e-02 8.527362e-03 1.516743e-02 1.500374e-02 -1.939378e-03 4.606798e-03 1.358357e-03 -2.359379e-03 -1.125350e-02 -3.147817e-03 3.669180e-03 -2.512080e-02 -5.231895e-03 -2.327720e-02 -1.221948e-02 -2.905268e-02 -9.204829e-03 1.074404e-02 5.784949e-03 1.746060e-02 1.125270e-02 5.511770e-03 9.073302e-03 2.572552e-03 2.945804e-02
<VARIANCE> 39
 7.743033e-01 4.586220e-01 5.344103e-01 4.475268e-01 5.376254e-01 4.695921e-01 4.056777e-01 4.341958e-01 3.935560e-01 2.866906e-01 2.328613e-01 1.852678e-01 4.218987e-01 7.615539e-02 4.152818e-02 4.207121e-02 4.550026e-02 5.417031e-02 4.579442e-02 3.898466e-02 4.455324e-02 3.749676e-02 2.860526e-02 2.342923e-02 1.876614e-02 4.717564e-02 9.630231e-03 6.661563e-03 6.295744e-03 6.845812e-03 8.496696e-03 7.456284e-03 6.835754e-03 7.744592e-03 6.819268e-03 5.431049e-03 4.381150e-03 3.434716e-03 6.624140e-03
<GCONST> -4.762477e+01
<MIXTURE> 8 1.250000e-01
<MEAN> 39
 8.631150e-02 2.602957e-01 1.467256e-01 2.235074e-01 -5.158701e-02 -2.395214e-01 -1.238417e-01 -1.470687e-01 -9.295362e-02 -2.081729e-02 -6.691801e-02 -2.603207e-02 4.956567e-02 -1.741289e-02 1.026531e-02 8.527362e-03 1.516743e-02 1.500374e-02 -1.939378e-03 4.606798e-03 1.358357e-03 -2.359379e-03 -1.125350e-02 -3.147817e-03 3.669180e-03 -2.512080e-02 -5.231895e-03 -2.327720e-02 -1.221948e-02 -2.905268e-02 -9.204829e-03 1.074404e-02 5.784949e-03 1.746060e-02 1.125270e-02 5.511770e-03 9.073302e-03 2.572552e-03 2.945804e-02
<VARIANCE> 39
 7.743033e-01 4.586220e-01 5.344103e-01 4.475268e-01 5.376254e-01 4.695921e-01 4.056777e-01 4.341958e-01 3.935560e-01 2.866906e-01 2.328613e-01 1.852678e-01 4.218987e-01 7.615539e-02 4.152818e-02 4.207121e-02 4.550026e-02 5.417031e-02 4.579442e-02 3.898466e-02 4.455324e-02 3.749676e-02 2.860526e-02 2.342923e-02 1.876614e-02 4.717564e-02 9.630231e-03 6.661563e-03 6.295744e-03 6.845812e-03 8.496696e-03 7.456284e-03 6.835754e-03 7.744592e-03 6.819268e-03 5.431049e-03 4.381150e-03 3.434716e-03 6.624140e-03
<GCONST> -4.762477e+01
<TRANSP> 11
 0.000000e+00 1.000000e+00 0.000000e+00 0.000000e+00 0.000000e+00 0.000000e+00 0.000000e+00 0.000000e+00 0.000000e+00 0.000000e+00 0.000000e+00
 0.000000e+00 6.624081e-01 3.375919e-01 0.000000e+00 0.000000e+00 0.000000e+00 0.000000e+00 0.000000e+00 0.000000e+00 0.000000e+00 0.000000e+00
 0.000000e+00 0.000000e+00 4.197310e-01 5.802690e-01 0.000000e+00 0.000000e+00 0.000000e+00 0.000000e+00 0.000000e+00 0.000000e+00 0.000000e+00
 0.000000e+00 0.000000e+00 0.000000e+00 4.101721e-01 5.898279e-01 0.000000e+00 0.000000e+00 0.000000e+00 0.000000e+00 0.000000e+00 0.000000e+00
 0.000000e+00 0.000000e+00 0.000000e+00 0.000000e+00 3.545220e-01 6.454780e-01 0.000000e+00 0.000000e+00 0.000000e+00 0.000000e+00 0.000000e+00
 0.000000e+00 0.000000e+00 0.000000e+00 0.000000e+00 0.000000e+00 6.691353e-01 3.308647e-01 0.000000e+00 0.000000e+00 0.000000e+00 0.000000e+00
 0.000000e+00 0.000000e+00 0.000000e+00 0.000000e+00 0.000000e+00 0.000000e+00 6.512867e-01 3.487133e-01 0.000000e+00 0.000000e+00 0.000000e+00
 0.000000e+00 0.000000e+00 0.000000e+00 0.000000e+00 0.000000e+00 0.000000e+00 0.000000e+00 4.266129e-01 5.733871e-01 0.000000e+00 0.000000e+00
 0.000000e+00 0.000000e+00 0.000000e+00 0.000000e+00 0.000000e+00 0.000000e+00 0.000000e+00 0.000000e+00 4.751925e-01 5.248076e-01 0.000000e+00
 0.000000e+00 0.000000e+00 0.000000e+00 0.000000e+00 0.000000e+00 0.000000e+00 0.000000e+00 0.000000e+00 0.000000e+00 6.696247e-01 3.303754e-01
 0.000000e+00 0.000000e+00 0.000000e+00 0.000000e+00 0.000000e+00 0.000000e+00 0.000000e+00 0.000000e+00 0.000000e+00 0.000000e+00 0.000000e+00
<ENDHMM>